created_at,author,cleaned_tweet
2022-10-21 14:31:29+00:00,HanggaraSoesant,4 kuliner anget2 tengah malam di jogja anti terserah 1 munggur minang kudu cb mie kuah telor goreng ala minang 2
2022-10-21 14:29:21+00:00,detikcom,tak seperti yang lain penjual kue ini punya keterbatasan karena tuli hebatnya ia berhasil pertahankan bisnis makanan selama 40 tahun dengan layanan unik
2022-10-21 14:27:50+00:00,snurhaayati,malem malem gini maraton nonton mamank kuliner jadi pgn makan ini itu
2022-10-21 14:27:25+00:00,puppyminnie12,saranin kuliner malam deket ancol sunter mangga dua dong guys
2022-10-21 14:27:01+00:00,queencaca09,inspirasi kuliner spaghetti singkong menjadi inspirasi ganjar pranowo dalam menemukan alternatif ketahanan pangan ganj
2022-10-21 14:23:37+00:00,jjsengui,wow udah buahnya enak kulitnya pun bisa jadi olahan kuliner resep olahan kulit durian simak tutorialnya sambil ses
2022-10-21 14:22:31+00:00,dewweyyyy,4 kuliner anget2 tengah malam di jogja anti terserah 1 munggur minang kudu cb mie kuah telor goreng ala minang 2
2022-10-21 14:21:28+00:00,Azkanih7,inspirasi kuliner spaghetti singkong menjadi inspirasi ganjar pranowo dalam menemukan alternatif ketahanan pangan ganj
2022-10-21 14:20:51+00:00,detikcom,cokelat wafer kitkat paling populer di dunia wafer renyah dengan balutan cokelat ini ternyata punya fakta unik ini
2022-10-21 14:20:43+00:00,kopiarabiqa,4 kuliner anget2 tengah malam di jogja anti terserah 1 munggur minang kudu cb mie kuah telor goreng ala minang 2
2022-10-21 14:17:18+00:00,_marymarr,4 kuliner anget2 tengah malam di jogja anti terserah 1 munggur minang kudu cb mie kuah telor goreng ala minang 2
2022-10-21 14:14:53+00:00,kumpulanberit,resep bakso cuanki ayam gurih dan segar cocok disantap saat musim hujan
2022-10-21 14:13:37+00:00,Wolverino21_,eksperimen kuliner mbaakk wkwk
2022-10-21 14:13:18+00:00,nurulrahma,4 kuliner anget2 tengah malam di jogja anti terserah 1 munggur minang kudu cb mie kuah telor goreng ala minang 2
2022-10-21 14:13:11+00:00,kumpulanberit,resep martabak telur roti tawar perpaduan sajian makanan indonesia dan korea
2022-10-21 14:13:11+00:00,pututpranoto1,1 workshop amp art performing tari tradisi 07 00 09 00 wib museum radyapustaka surakarta 2 belajar bersama tem
2022-10-21 14:13:04+00:00,pututpranoto1,1 workshop amp art performing tari tradisi 07 00 09 00 wib museum radyapustaka surakarta 2 belajar bersama tem
2022-10-21 14:12:29+00:00,Maryllianne,kuliner yg wajib di cobain di semarang apa guis
2022-10-21 14:12:13+00:00,neoexpo,sha waregna bisnis kuliner allyoucaneat yang indonesiabanget selengkapnya di pameran ifbcexpo2022 icebsdtan
2022-10-21 14:11:58+00:00,potatosca,lampu merahna saeutik teu gaduh mall aya sih eta nu tulisanna mal garut tp angger weh da lain mall etamah surganya kuliner per aci an jd hyg baliq
2022-10-21 14:11:43+00:00,tumbarmericaa,4 kuliner anget2 tengah malam di jogja anti terserah 1 munggur minang kudu cb mie kuah telor goreng ala minang 2 rica giyatno rica entok pedes ena pol pas hujan2 3 bakmi jawa pak pur kudu cb request telor dobel 4 soto bang jago soto ayam geprek gorengan panas ftw
2022-10-21 14:11:03+00:00,jogjamnfs,jog info kuliner yang harus di coba di seturan
2022-10-21 14:10:13+00:00,InvesJamurJabon,ingin punya usaha kuliner paling potensial saat ini kami mengusung konsep kuliner sehat higienis halal amp nikmat
2022-10-21 14:09:32+00:00,baksomangkokca1,bakso beranak dalam kubur paling viral dan recomend kuliner yang selalu mengingatkan kita semua untuk menjadi lebih baik dari hari kemarin
2022-10-21 14:08:54+00:00,evelynyle_,kalo bahasa amp budaya aku belajar dari cemetery boys budaya latin amp spanish budaya aja mengenal kuliner india guyana amp juga alat masak makanannya dari afterlove klo illness when you call my name hiv aids sama otw this i promise you ms yg kusuka cemetery boys
2022-10-21 14:05:46+00:00,notforyow,wisata kuliner kita abis tu kita nongkrong malioboro sampe enter wind
2022-10-21 14:05:44+00:00,detikfood,10 momen kulineran cristiano ronaldo dan keluarga yang seru
2022-10-21 14:03:34+00:00,JOERAGANGroup,ini dia kuliner favorit para joeragan hmm yummi kualitas premium dijamin ketagihan wajib coba gan
2022-10-21 14:03:08+00:00,kumpulanberit,praktis resep nasi kuning rice cooker ayam suwir serundeng cuma pakai 1 bumbu
2022-10-21 14:02:36+00:00,kumpulanberit,bosan makan tempe masak pakai resep ini jadi menu vegetarian buat tanggal tua
2022-10-21 14:01:37+00:00,kumpulanberit,resep balado ayam daun jeruk dijamin rasanya tak kalah enak dengan masakan hotel
2022-10-21 14:00:53+00:00,abesptr,dari sekian juta kuliner di jogja kenapa harus ayam gajebo sih yg d kangenin
2022-10-21 13:58:04+00:00,RKevin_Ramdhani,berkunjung ke cirebon naik ka gumarang kelas bisnis dan mencoba lezatnya kuliner empal gentong mang darma asli enak banget kuah empal dagingnya disajikan di gentong
2022-10-21 13:52:53+00:00,localalabali,yang dari medan dan sekitarnya mana nih localala hadir dengan sajian khas nusantara dan salah satunya adalah kuliner khas medan mie gomak so dateng aja langsung ya di park23 creative hub lantai 1
2022-10-21 13:51:51+00:00,sub80_,nih gua kasih rekomendasi kuliner dijogja
2022-10-21 13:50:13+00:00,Apelmanalagii,rekomendasi kuliner di malang mulai dari 10 ribuan aja a thread
2022-10-21 13:44:44+00:00,detik_jatim,brem oleh oleh khas madiun ini terbuat dari apa
2022-10-21 13:44:21+00:00,agnesiaregina,sekakura 2hr sp tayang 19 oktober 2022 potongan khusus bagian indonesia aja part 1 membahas mengenai spot kuliner
2022-10-21 13:44:17+00:00,agnesiaregina,hoooo sekakura malam ini ada bahas tongkat buat kartu tol dari indonesia trus jesse disuruh nebak buat apa dan doi jawab
2022-10-21 13:31:23+00:00,terasbandungcom,8 wisata kuliner di bandung yang unik dan bikin ketagihan
2022-10-21 13:30:52+00:00,tegalfess,gais di slawi ada festival kuliner apa
2022-10-21 13:28:59+00:00,alexanderia75,kuliner sukses dengan sarimi isi dua sarimi siap mengeluarkan sarimi isi duda
2022-10-21 13:27:46+00:00,arvendomh,kemarin waktu dia ke malang harusnya banyak banyak wisata kuliner om hehehe
2022-10-21 13:24:39+00:00,keselyoben,bukan sender ya tpi aku tau lokasinya ini di festival kuliner delanggu klaten parkiran munggu
2022-10-21 13:24:39+00:00,rajodurian,rajo durian juga melayani pemesanan durian dengan pengiriman ke seluruh indonesiadalam jumlah partai kecil menengah dan besar kuliner rajodurian
2022-10-21 13:23:49+00:00,lupizlyz,bukan sender ya tpi aku tau lokasinya ini di festival kuliner delanggu klaten parkiran munggu
2022-10-21 13:18:52+00:00,FatmawatiIndmrt,acara kuliner khas minang lengkap ada kapau ada tenda juga pada nyanyi
2022-10-21 13:17:07+00:00,Azaayaka,pasti rusuh dulu sih aku mau diajak keliling malang ya fir nnti kita wisata kuliner sambil nostalgia kenapa bisa deket sekalian double date ekheeemm
2022-10-21 13:16:41+00:00,fahtiin,3 mall icon siam klo udah mulai bosen sama semua makanan di atas aku pasti lari ke sini soalnya ada 10 lebih booth kul
2022-10-21 13:15:45+00:00,detikcom,dapur menjadi area yang wajib ada dalam rumah kalau sekarang dapur tampil modern dulu sangat klasik dan kuno ini penampakkan dapur pada abad ke 19
2022-10-21 13:10:18+00:00,adventure_super,pulau komodo pasti jadi destinasi impian banyak orang selain alamnya yang menakjubkan melihat langsung kadal raksasa di dunia pastinya jadi momen yang super bukan cuma punya komodo kepulauan ini juga punya kuliner khas
2022-10-21 13:05:15+00:00,InfoSOLSEL,ini loh kuliner khas kabupaten solok selatan yg wajib dicoba
2022-10-21 13:04:23+00:00,PDI_Perjuangan,media pintar perjuangan memiliki fitur yang bernama pasar gotong royong yang didalamnya terdapat beberapa produk diantaranya produk kuliner seperti mouza farm jamur tiram kacang goreng kerupuk kulit aneka camilan aneka rengginang situbondo udang crispy dan keju lilit
2022-10-21 13:03:31+00:00,JOERAGANGroup,hayo dipilih kuliner kesukaan agan yang mana ni rasanya dijamin paling puoooolll mampir yuk
2022-10-21 13:01:11+00:00,MotivaHarian,pengen bisnis kuliner bakso mie sosis roti sambal es krim dll ikuti trainingnya di setiap bulan klik
2022-10-21 13:00:27+00:00,Indriidjasiem,partner ghibah main dan kuliner terbaik memanglah ayang
2022-10-21 12:59:31+00:00,rayvieralaxmana,insha allah medium ini akan menjadi lahan nulis saya mengenai review musik bahasan sepakbola maupun kuliner atau kehidupan semuanya atas nama senang senang silahkan di follow
2022-10-21 12:56:53+00:00,romeldymastio,kayanya kisarasa ini cocok kalo tak kasih rekomendasi kuliner jogja
2022-10-21 12:53:18+00:00,inaaadp,bukan sender ya tpi aku tau lokasinya ini di festival kuliner delanggu klaten parkiran munggu
2022-10-21 12:52:50+00:00,SeptianMoekti,kisarasa eps 8 nelisik mangut lele mbah marto kuliner lejen tanah jogja beruntung berkesempatan kesana sial jogja selalu bikin rindu
2022-10-21 12:51:58+00:00,671533,nasi uduk ayam bakar golden kuliner sebelah polines 10 10
2022-10-21 12:51:04+00:00,gibran_tweet,1 workshop amp art performing tari tradisi 07 00 09 00 wib museum radyapustaka surakarta 2 belajar bersama tempa keris amp festival kuliner nusantara 09 00 15 00 wib museum keris nusantara
2022-10-21 12:51:03+00:00,gibran_tweet,1 workshop amp art performing tari tradisi 07 00 09 00 wib museum radyapustaka surakarta 2 belajar bersama tempa keris amp festival kuliner nusantara 09 00 15 00 wib museum keris nusantara
2022-10-21 12:50:35+00:00,dear_iuu,1 platinum fashion mall food court lantai 6 di sini ada 3 booth makanan halal 1 booth roti canai dibanding beli di s
2022-10-21 12:49:30+00:00,Alfiyan994,wow udah buahnya enak kulitnya pun bisa jadi olahan kuliner resep olahan kulit durian simak tutorialnya sambil ses
2022-10-21 12:47:43+00:00,beritakitacoid,nasibmu kini rest area masjid agung kalianda yang layu sebelum berkembang beritakitacoid sobatkita lampung lampungselatan lamsel indonesia pemerintahan daerah ekonomi wisata kuliner restareamasjidagungkalianda terbengkalai kulinerkhas
2022-10-21 12:47:04+00:00,Far_away90,ada yang sudah pernah ke vietnam atau coba kuliner yang namanya banh trang nuong kalau belum pernah ke vietnam cobain
2022-10-21 12:39:36+00:00,4_4ways,keliling ke kuliner kaki lima
2022-10-21 12:38:49+00:00,0nigiritoge,bukan sender ya tpi aku tau lokasinya ini di festival kuliner delanggu klaten parkiran munggu
2022-10-21 12:38:27+00:00,ikhsansoebagyo,info kuliner sek segone njikuk dewe om
2022-10-21 12:38:16+00:00,werdyy,ngobrol bareng raditya dika ditemani aktor komedian ichal kate sambil makan makan di kantin blauran cipete obrolan se
2022-10-21 12:35:41+00:00,detikfood,kecewa bayar nasi daging iga rp 33 000 cuma dapat 3 potong kecil
2022-10-21 12:35:34+00:00,BisBanNews,berkenalan dengan street food india yang populer bicara soal india pasti tak lepas dari makanan khasnya street food india juga sudah terkenal di dunia selain tampilan dan rasanya cara p
2022-10-21 12:34:43+00:00,escobranyusss,top story 10 potret dapur kuno di abad ke 19 sederhana dan klasik see more
2022-10-21 12:34:19+00:00,0704yj,aku juga mau yg bisa diajak kuliner ramen
2022-10-21 12:33:52+00:00,Majalengskuy,jajanannya itu itu aja sama kaya yg dibawah gak ada konsep khusus yg menjadi ciri khas kuliner daerah tersebut kalo jajanannya sama tapi harganya beda karena harus ada buat biaya sewa yg wajar saja kalo yg jualan di tempat itu sering mengeluh
2022-10-21 12:33:39+00:00,slvandamahartaU,list kuliner malang wajib dikunjungi 1 tahu gejrot sam mahli 2 cak midi
2022-10-21 12:29:29+00:00,Yummycubitcake,jagoan kuliner emang tempatnya cnjyuk
2022-10-21 12:25:07+00:00,llamayeou,bukan sender ya tpi aku tau lokasinya ini di festival kuliner delanggu klaten parkiran munggu
2022-10-21 12:25:03+00:00,jembermfs,rek saranin kuliner malem di area gm sama pasar tanjung dongg pict cuma pemanis tia lt 3 jbrfess
2022-10-21 12:23:55+00:00,Didileephenk,lah emang majunya ekonomi dilihat dr mobil dan kuliner mewah wkwkwk otak udang
2022-10-21 12:23:20+00:00,stargazure,ayo be kita kuliner biawak sama cobra ajalahhhh y
2022-10-21 12:18:43+00:00,bunny__peach,kangen kuliner bangkok
2022-10-21 12:17:03+00:00,vitaaanf,kuliner jogja enak underrated thread ini dibuat menurut rasa dan lidah sendiri
2022-10-21 12:15:41+00:00,Gowes48399149,tapi mata lo buta disepanjang jalan dinegri ini diisi bejibun mobil mewah elo pikir mereka orang sengsara gitu elo liat tempat dugem para netizen semuanya keliatan kafe mewah kuliner sejuta rasa juga laris manis klo ekonomi susah apa mungkin mereka laku mikir
2022-10-21 12:14:45+00:00,yongebok,oke lanjut jalan jalan di tempat kayak bazar atau festival yang isinya makanan ya mau kemanapun emang paling enak wisata kuliner cuy asik banget dahk
2022-10-21 12:13:57+00:00,oke_zone,menggiurkan sushi dengan cita rasa lokal di pangkalpinang baca berita lengkapnya di website sushi kuliner khas jepang bercitarasa bintang 5 namun seharga
2022-10-21 12:09:06+00:00,IKBrand,kuliner arab merupakan bagian dari akulturasi budaya arab indonesia seperti halnya kuliner cina yang mempengaruhi kuliner nusantara
2022-10-21 12:08:38+00:00,rafandra_adi,gue kemarin pengen banget kuliner di platinum tapi udah kenyang banget gegara abis dari iconsiam
2022-10-21 12:07:54+00:00,pijat_enak_pria,avail jogja now pijat capek pegal urut vitalitas sensual bo yogyakarta malioboro jogja karta massage cowok pria pas
2022-10-21 12:07:28+00:00,enlesmono,toko kue tradisional yang sudah berdiri selama 70 tahun ini jadi sepi pembeli padahal beberapa orang mengakui menu jualan me
2022-10-21 12:06:39+00:00,detikfood,duh pria ini tega berikan keju pada kekasihnya yang alergi laktosa
2022-10-21 12:06:17+00:00,KediriFess,cah spill jajan enak yang ada di pare yaaaaaa besok aku mau solo kuliner di paree makasih infonyaa
2022-10-21 12:06:11+00:00,baeicaaa,bukan sender ya tpi aku tau lokasinya ini di festival kuliner delanggu klaten parkiran munggu
2022-10-21 12:04:36+00:00,IaIalix,muts ku yg orang bandung kuliner bandung yg harus bgt dicoba apayaah kl bisa daerah buah batu dago braga cisitu baru wkwkwk mohon bantuannya
2022-10-21 12:04:18+00:00,PempekJOERAGAN,hi foodlovers ada yg suka dgn kuliner yang satu ini bakso special iga joeragan hmm dijamin ngiler deh
2022-10-21 12:03:44+00:00,detikcom,bule amerika ini ngaku puas jajan jajanan indonesia hanya dengan uang rp 100 ribuan saja padahal targetnya rp 1 jutaan namun harganya jauh lebih murah
2022-10-21 12:03:31+00:00,JOERAGANGroup,hi foodlovers ada yg suka dgn kuliner yang satu ini bakso special iga joeragan hmm dijamin mantab
2022-10-21 12:02:29+00:00,faiq0701,rekomendasi kuliner di malang mulai dari 10 ribuan aja a thread
2022-10-21 12:00:58+00:00,edybudianto77,wanita ini pesan makanan di kafe dekat rumahnya melalui ojek online setelah permintaannya sudah diterima ia baru sadar kala
2022-10-21 11:58:05+00:00,detikcom,wanita ini pesan makanan di kafe dekat rumahnya melalui ojek online setelah permintaannya sudah diterima ia baru sadar kalau kafenya sudah tutup permanen hiih ngeri
2022-10-21 11:58:04+00:00,ke2nai,mencari kuliner halal di singapore ke bagus food court aja
2022-10-21 11:57:31+00:00,jogjamnfs,jog kuliner enak sekitar jokteng apa tq
2022-10-21 11:56:20+00:00,detikcom,toko kue tradisional yang sudah berdiri selama 70 tahun ini jadi sepi pembeli padahal beberapa orang mengakui menu jualan mereka enak ternyata ini alasannya
2022-10-21 11:55:04+00:00,ngopibareng_id,tempat ini menawarkan kuliner dengan konsep alam terbuka beralaskan hijau rerumputan dan rimbun oleh pepohonan di tengah kota surabaya
2022-10-21 11:54:28+00:00,fefekloveevrbdy,info kuliner udan udan moaass
2022-10-21 11:48:00+00:00,Metro_TV,tastehuntermetrotv mengajak anda mencicipi hidangan karya maestro kuliner peraih michelin termuda di dunia seperti apa sajian spesialnya saksikan selengkapnya the taste of european in the heart of jakarta hari minggu 23 10 pukul 07 05 wib di metro tv
2022-10-21 11:47:31+00:00,detikcom,seorang pelanggan memesan minuman di starbucks yang dianggap tak masuk akal sampai sampai barista menolak untuk membuatkan pesanan itu
2022-10-21 11:46:38+00:00,MahasiswaUMS,umsfess pengen punya cowo yang bisa di ajak kuliner an keliling solo
2022-10-21 11:45:41+00:00,anakdolan_,menghitung kalori nasi tempong kuliner khas banyuwangi
2022-10-21 11:42:39+00:00,detikfood,terungkap youtuber ini beberkan fakta kitkat yang bikin tercengang
2022-10-21 11:39:56+00:00,radarbangkabel,madu pelawan namang terpilih jadi salah satu dari empat wakil wilayah sebagai utusan provinsi kepulauan bangka belitung hadir dalam pameran kuliner dan pangan nusantara 2022
2022-10-21 11:38:38+00:00,hamas_fautaqi,sekakura 2hr sp tayang 19 oktober 2022 potongan khusus bagian indonesia aja part 1 membahas mengenai spot kuliner
2022-10-21 11:37:18+00:00,rezmi_siti,aku belum pernah tapi banyak yang rekomendasi kuliner di sekitar masjid darul aman silakan dicoba
2022-10-21 11:36:00+00:00,XinwenMetroTV,tastehuntermetrotv mengajak anda mencicipi hidangan karya maestro kuliner peraih michelin termuda di dunia seperti apa sajian spesialnya saksikan selengkapnya the taste of european in the heart of jakarta hari minggu 23 10 pukul 07 05 wib di metro tv
2022-10-21 11:35:25+00:00,republikaonline,nasi mengkudu merupakan salah satu kuliner khas betawi
2022-10-21 11:32:18+00:00,LUBOVNlK,bukan sender ya tpi aku tau lokasinya ini di festival kuliner delanggu klaten parkiran munggu
2022-10-21 11:31:43+00:00,papaAntar,infokuliner menghitung kalori nasi tempong kuliner khas banyuwangi
2022-10-21 11:31:06+00:00,detikcom,jajanan khas madiun brem memiliki rasa enak dan unik proses pembuatannya memakan waktu hingga sepekan wajib cobain detikers via
2022-10-21 11:27:09+00:00,MKrenthil,huum mknya lbh suka lihat konten mukbang atau juga wisata kuliner justru salut sm yg beginian secara tak langsung mempromosikan kuliner kita
2022-10-21 11:23:38+00:00,detikfood,10 potret dapur kuno di abad ke 19 sederhana dan klasik
2022-10-21 11:22:52+00:00,sofiana12_,bukan sender ya tpi aku tau lokasinya ini di festival kuliner delanggu klaten parkiran munggu
2022-10-21 11:19:54+00:00,renllow323,bukan sender ya tpi aku tau lokasinya ini di festival kuliner delanggu klaten parkiran munggu
2022-10-21 11:17:44+00:00,detikcom,pria asal inggris ini adalah penggemar berat kfc ia sudah mencicipi kfc di 50 negara dan mengungkap yang terenak ada di negara asia ini
2022-10-21 11:17:11+00:00,WarisanKuliner,benar sekali kawan kuliner tahun ini kamu bisa nikmati 90 ragam kuliner lebih lengkap se nusantara di fjb 2022 mulai tgl 28 30 okt di plaza parkir timur gbk jakarta yuk segera daftar sekarang di untuk dapatkan qr code akses gratis masuk tanpa antri
2022-10-21 11:17:10+00:00,kofietubrok,not a die hard fan of rk tp ide teras cihampelas ini memang bagus sbnrnya buat wisata kuliner dan akses jalan kaki di tengah jl cihampelas yg masyaallah semrawutnya tp kan yg jd soal kemauan melanjutkan dan merawat dr pejabat2 sesudahnya yg ga ada sama spt byk fasilitas lain
2022-10-21 11:17:05+00:00,summersnackss,benar sekali kawan kuliner tahun ini kamu bisa nikmati 90 ragam kuliner lebih lengkap se nusantara di f
2022-10-21 11:16:21+00:00,WarisanKuliner,benar sekali kawan kuliner tahun ini kamu bisa nikmati 90 ragam kuliner lebih lengkap se nusantara di fjb 2022 mulai tgl 28 30 okt di plaza parkir timur gbk jakarta yuk segera daftar sekarang di untuk dapatkan qr code akses gratis masuk tanpa antri
2022-10-21 11:16:05+00:00,BlackredGanz,lahan pakir thamrin 10 yang diubah tahun 2019 jadi pusat kuliner oleh anies thamrin 10 menjadi s
2022-10-21 11:15:26+00:00,waterrmelona_,mrican kalo refreshing wisata kuliner
2022-10-21 11:15:05+00:00,idntimes,episodenya tayang setiap jumat di hbo go mulai 18 november
2022-10-21 11:14:48+00:00,WarisanKuliner,benar sekali kawan kuliner tahun ini kamu bisa nikmati 90 ragam kuliner lebih lengkap se nusantara di fjb 2022 mulai tgl 28 30 okt di plaza parkir timur gbk jakarta yuk segera daftar sekarang di untuk dapatkan qr code akses gratis masuk tanpa antri
2022-10-21 11:13:16+00:00,IteAgus,gue kira ini tentang pengalaman dan pelajaran mungkin adek lu pengen jadi pengusaha kuliner makanya dia ingin bener bener belajar dr bawah sekolah itu pengetahuan dan ilmu masalah pekerjaan dan rezeki itu nasib
2022-10-21 11:11:37+00:00,detik_jatim,pembuatan brem jajanan khas madiun butuh waktu seminggu rasanya yummy
2022-10-21 11:09:32+00:00,capebgttt,1 platinum fashion mall food court lantai 6 di sini ada 3 booth makanan halal 1 booth roti canai dibanding beli di s
2022-10-21 11:06:33+00:00,IDNTimesKaltim,ngefans simoncelli berujung buka kedai kuliner itali
2022-10-21 11:06:21+00:00,MandalaNdut,lha masio kepala 5 ngene sik mampu lah masalah kuliner daging2an
2022-10-21 11:06:14+00:00,sang_bango,banyak kuliner baru muncul ti garut
2022-10-21 11:05:34+00:00,elyana_mentari,adik sampeyan kerja di warung makan krn emang pingin atau belum dpt kerja kantoran sesuai harapan keluarga kalau emang krn belum dpt ya maklumi dulu aja mas jaman sekarang cari kerja susah mending gitu daripada nganggur tapi bisa jadi passion dia emang kerja di bidang kuliner
2022-10-21 11:05:31+00:00,sofiana12_,1 platinum fashion mall food court lantai 6 di sini ada 3 booth makanan halal 1 booth roti canai dibanding beli di s
2022-10-21 11:05:05+00:00,spacehammy,red masak rein jalan santai iris wisata kuliner snow gambar axel baca buku audrey bikin diy sirius fotografi theo nulis lagu edell berkebun klein turu loretta stargazing raguel meditasi kalo ga nyebat
2022-10-21 11:04:22+00:00,AKUNbiz,kita semua tahu bahwa usaha kecil di bidang kuliner tak akan pernah ada matinya selama orang orang masih membutuhkan makanan serta minuman bisnis ini akan terus berjalan dan berkembang lihat saja tips
2022-10-21 11:04:20+00:00,PempekJOERAGAN,ini dia kuliner favorit para joeragan hmm yummi kualitas premium dijamin ketagihan wajib coba gan
2022-10-21 11:00:56+00:00,gwulai,keliling suatu kota buat nyobain kuliner disana
2022-10-21 11:00:09+00:00,titakartika,wkt itu jg ke museum yg sepi bgtt ku pikir bakal romantis kek di foto org2 trnyt aku g sukaa kek bosen gt huhu lebih suka kuliner atau ke mol dan hrs yg ramee
2022-10-21 10:58:28+00:00,ollityka,partner ghibah main dan kuliner terbaik memanglah ayang
2022-10-21 10:56:38+00:00,peachyy127,partner ghibah main dan kuliner terbaik memanglah ayang
2022-10-21 10:56:03+00:00,anieversary,tapi datang ke suatu kota nyoba2 kuliner asli wajib banget ga sih udah nyobain sego abang lombok ijo di gunungkidul
2022-10-21 10:53:58+00:00,Martabak_LEGIT,nyari kuliner ajib di cikarang mampir aja ke jl pilar depan smpn1 cikarang utara ada martabak ajib
2022-10-21 10:53:08+00:00,kumparan,dengan perhitungan margin yang tepat pelaku bisnis kuliner dapat mengetahui jumlah profit yang bisa diraih
2022-10-21 10:40:50+00:00,princehifana,beres badminton kuliner kemana ya
2022-10-21 10:40:41+00:00,dedydahlan,pensiun bikin warung kopi di sawah balungan kambing raksasa brutu semok dkambodja berburu sate kambing raksasa malam2 di semarang makan sate pantat eh brutu ayam paling semok kuliner kulinersemarang semarang
2022-10-21 10:40:16+00:00,InvesJamurJabon,dokumentasi liputan trans tv kuliner jamur more info pin 2bcf59db call sms wa 0812 2269 0766 investasisyariah
2022-10-21 10:38:59+00:00,GoodLifeBCA,q time sama bestie sambil cemilin kuliner ala selatan kuy berbagai pilihan f amp b yang menarik siap bikin kamu kenyang eitss dapetin diskon hingga 25 transaksi pake qris di mybca bca mobile dan sakuku ya buruan dateng sebelum 31 desember 2022 info
2022-10-21 10:38:33+00:00,deis_iswadi,lahan pakir thamrin 10 yang diubah tahun 2019 jadi pusat kuliner oleh anies thamrin 10 menjadi s
2022-10-21 10:35:39+00:00,detikfood,hebat penjual makanan yang tuli ini punya trik unik layani pelanggan
2022-10-21 10:35:15+00:00,Elmirakid,jepang memang terkenal dengan inovasi barang yang unik salah satunya irori pemanggang khas jepang yang bisa dibawa berperg
2022-10-21 10:34:08+00:00,nonni_ta,susah kalo punya jiwa eksperimen kuliner yg tinggi segala mi instant dikasih topping jengkol
2022-10-21 10:27:13+00:00,escobranyusss,top story sri mulyani doyan ngopi 5 fakta kecintaannya pada kopi lokal see more
2022-10-21 10:25:59+00:00,xxyu2a,partner ghibah main dan kuliner terbaik memanglah ayang
2022-10-21 10:24:35+00:00,lalaIustyou,draft larik puisi kuliner 1 larik setiap aku on twitter a thread
2022-10-21 10:22:52+00:00,HQ_5150,1 platinum fashion mall food court lantai 6 di sini ada 3 booth makanan halal 1 booth roti canai dibanding beli di s
2022-10-21 10:21:56+00:00,IndraMenus,pdhl wes tak bisikin info kuliner cedak kantor lho wkwks
2022-10-21 10:21:24+00:00,halfdemoniz,wisata kuliner
2022-10-21 10:18:22+00:00,kittypurry36,tweet2 soal kuliner bangkok ni bikin pengen balik lg deh keinget wkt itu pas sebelum mutusin kesini sempet ragu bgt takut ga cocok sm makanan2nya ternyata salah besar semuaa enak bgt sampe sekedar ayam goreng gerobakan pinggir jln aja ga wajar enaknya
2022-10-21 10:17:40+00:00,Arkobumen,ini lho sosok ibu suwarni yg lbh kondang dipanggil bu cilik yg sudah puluhan tahun berjualan nasi kikil di utara ps burung depok oseng kikilnya terkenal pedes amp lbh nikmat lagi jika sambel bawang surakarta kuliner
2022-10-21 10:17:37+00:00,Mfadlan1,wow udah buahnya enak kulitnya pun bisa jadi olahan kuliner resep olahan kulit durian simak tutorialnya sambil ses
2022-10-21 10:16:33+00:00,milatina96,aku pernah kuliner di daerah soi 7 adaa yg jual ayam goreng enak
2022-10-21 10:16:02+00:00,MyVoiceAngel,bukan sender ya tpi aku tau lokasinya ini di festival kuliner delanggu klaten parkiran munggu
2022-10-21 10:13:51+00:00,cheezypeezy_,bukan sender ya tpi aku tau lokasinya ini di festival kuliner delanggu klaten parkiran munggu
2022-10-21 10:12:04+00:00,beyubaystory,ini loh kuliner khas kabupaten solok selatan yg wajib dicoba
2022-10-21 10:11:41+00:00,taringbabi32,wisata kuliner
2022-10-21 10:11:18+00:00,sandyculinaire,redesign reconcept bingung usaha kuliner udah jalan tapi management belum support biar jadi bisnis autopilot kontak kami di bio scc aja
2022-10-21 10:10:34+00:00,mariyani900,new post kuliner khas sumba tidak hanya enak tapi juga unik percetakan online indonesia
2022-10-21 10:10:03+00:00,Arkobumen,gudeg manggar manggar bunga kelapa kalo gudeg gori nangka wis biyasa tow y n gudeg manggar luwar biyasa siapa yang pernah makan kuliner ini yogyakarta wisatakuliner
2022-10-21 10:05:42+00:00,sksdsamakucing,iya nder tapi kalo buat ke kampus tuh jarang soalnya deket banget sama kost alhasil seringnya jalan kaki sepedaku seringnya buat olahraga sekaligus eksplor kuliner daerah rantauan pas weekend
2022-10-21 10:04:23+00:00,jawapos,5 wisata puncak bogor terbaru yang wajib dikunjungi di akhir pekan
2022-10-21 10:03:58+00:00,sonneeaa,1 platinum fashion mall food court lantai 6 di sini ada 3 booth makanan halal 1 booth roti canai dibanding beli di s
2022-10-21 10:03:30+00:00,JOERAGANGroup,promo launching pempek online di kuliner joeragan joeragangroup pempekjoeragan ayoo dicoba pempek joeragan nya
2022-10-21 10:03:19+00:00,AQSopo4,wow udah buahnya enak kulitnya pun bisa jadi olahan kuliner resep olahan kulit durian simak tutorialnya sambil ses
2022-10-21 10:00:40+00:00,pijet_semarang_,avail jogja now pijat capek pegal urut vitalitas sensual bo yogyakarta malioboro jogja karta massage cowok pria pas
2022-10-21 09:59:30+00:00,op_laoh,kisarasa episode 8 menyusur tanah jawa mencari rahasia dari kuliner khas yogyakarta
2022-10-21 09:59:04+00:00,dinilatifah1110,kuliner khas jawa tengah cara membuat kluban sayur jawatengah khasjateng makanan resepmakanan
2022-10-21 09:57:45+00:00,SOSjiel,nama fans untuk j l is jlstar 15 february 1994 hobby menggambar ng game kuliner jalan jalan main permainan ekstrem dan tidur
2022-10-21 09:57:22+00:00,detikcom,terletak di area paling sejuk di gardens by the bay singapura satay by the bay jadi tempat jajan makanan lokal yang wajib dicoba jika ke negeri singa
2022-10-21 09:54:13+00:00,RAgnevia,ngobrol bareng raditya dika ditemani aktor komedian ichal kate sambil makan makan di kantin blauran cipete obrolan se
2022-10-21 09:53:39+00:00,detikcom,jepang memang terkenal dengan inovasi barang yang unik salah satunya irori pemanggang khas jepang yang bisa dibawa berpergian ini bentuknya yang unik
2022-10-21 09:53:03+00:00,arurunika,ngobrol bareng raditya dika ditemani aktor komedian ichal kate sambil makan makan di kantin blauran cipete obrolan se
2022-10-21 09:51:44+00:00,anam164,dr zakir naik berikan penjelasan logis di balik hukum haram makan daging babi dalam islam begini katanya
2022-10-21 09:49:43+00:00,detikcom,dr zakir naik berikan penjelasan logis di balik hukum haram makan daging babi dalam islam begini katanya
2022-10-21 09:48:01+00:00,dinilatifah1110,resep makan siang ayam bumbu pedas khas bali yang bikin nagih resepmakanan makanankhasbali ayambumbukhasbali
2022-10-21 09:47:41+00:00,Fa7x__,bahas juga kuliner di thai street food ada logo halal nya ga soalnya lihat di yt sgt mengiurkan
2022-10-21 09:45:55+00:00,apayanamanyaaa,aku belum pernah tapi banyak yang rekomendasi kuliner di sekitar masjid darul aman silakan dicoba
2022-10-21 09:45:45+00:00,TrisSetya3,waktu itu aku ke dealer mobil di pati seinget ku gk berapa jauh dari polres pati begitu unit keluar aku muter muter kota pati lewat juwono pasar kewan ada kuliner sego gandul disitulah aku nyobain sego gandul
2022-10-21 09:44:07+00:00,fanditirtayasa,inspirasi kuliner spaghetti singkong menjadi inspirasi ganjar pranowo dalam menemukan alternatif ketahanan pangan ganj
2022-10-21 09:43:45+00:00,kominfo_klt,bantuan tersebut diberikan kepada 23 pedagang pemilik warung apung yang saat ini menempati lokasi baru di pusat kuliner taman nyi ageng rakit adapun bantuan yang diserahkan sebesar rp 5 juta untuk masing masing pedagang selengkapnya
2022-10-21 09:43:30+00:00,detikcom,di daerah jakarta barat ada tempat makan steak murah meriah yang nikmatnya luar biasa jika ada di daerah itu jangan lupa mampir ke 5 warung beefsteak ini
2022-10-21 09:41:31+00:00,radioemdikei,ten29ers jumat sore ini kita kedatangan narasumber keren pejuang rupiah dari pengusaha kuliner bara butter yukk ah stay tune bareng anggit biar tau informasi selanjutnya
2022-10-21 09:37:07+00:00,hypeabisid,4 rekomendasi seru wisata belanja amp kuliner di hong kong
2022-10-21 09:36:28+00:00,worldnewsfans,toko kue tradisional yang sudah berdiri selama 70 tahun ini jadi sepi pembeli padahal beberapa orang mengakui menu jualan me
2022-10-21 09:36:15+00:00,venusshy_,info penting buat pecinta kuliner atau para pencari promo yaa gaiss admin boleh bantu sh
2022-10-21 09:35:24+00:00,safira_floran,yah lae akutuh jadi bingung divideo jelas2 disebutkan banjarmasin di kalsel kenapa pahari sanak ini bisa ngetiknya banjarmasin kaltim aku pernah kirim kuliner ke keluarga aku di banjarmasin nya di kalsel kenapa bisa pindah banjarmasin ke kaltim
2022-10-21 09:34:37+00:00,mbasionnyk,download fb cuma buat masuk grup ungaran kuliner info jajan ungaran aku kpn kurus klo gini terus kerjaannya
2022-10-21 09:34:15+00:00,PempekJOERAGAN,ingin punya usaha kuliner joeragan rasa dan kualitas no 1 dijamin diburu pembeli yuk join kemitraan skrg
2022-10-21 09:32:36+00:00,sarahrumini,udah dari lama jadi nasabah kb bukopin bnyak untungnya apa lagi pake credit card kb bukopin sering dapet potongan harga klo kuliner
2022-10-21 09:30:48+00:00,aafterpills,kuliner sore bisa bacang
2022-10-21 09:30:23+00:00,dailysocial,runchise startup pengembang layanan saas untuk bisnis kuliner mengumumkan pendanaan tahap awal dengan nilai yang dirahasiakan
2022-10-21 09:25:49+00:00,Arysand92,sekakura 2hr sp tayang 19 oktober 2022 potongan khusus bagian indonesia aja part 1 membahas mengenai spot kuliner
2022-10-21 09:25:17+00:00,FathinahIshana,detikjabar merekomendasikan salah satu kuliner malam di bandung yang cocok disantap ketika musim hujan makanan tersebut ialah sekoteng bangkok
2022-10-21 09:18:01+00:00,Evie11831947,ada yang sudah pernah ke vietnam atau coba kuliner yang namanya banh trang nuong kalau belum pernah ke vietnam cobain
2022-10-21 09:17:38+00:00,detikcom,es kopi memang minuman populer tapi biasanya hanya dikonsumsi orang dewasa karenanya netizen heran ketika melihat ibu ini bolehkan anaknya nikmati es kopi
2022-10-21 09:17:03+00:00,jawapos,5 perpustakaan di indonesia yang aesthetic dan bikin betah
2022-10-21 09:16:33+00:00,detikfood,sri mulyani doyan ngopi 5 fakta kecintaannya pada kopi lokal
2022-10-21 09:15:03+00:00,soloposdotcom,yummy 10 kuliner produk ukm raih pangan award 2022 ini daftarnya
2022-10-21 09:14:17+00:00,jogmfs,jog rencana minggu mau main ke solo drop kuliner endul di solo dongg makasyii
2022-10-21 09:11:41+00:00,erefteka,info penting buat pecinta kuliner atau para pencari promo yaa gaiss admin boleh bantu share dong buat ramein hehe makasiii sebelumnyaa
2022-10-21 09:11:29+00:00,putripngstk_,sangat terlihat kalo aku gabisa diajak wisata kuliner karena emang pilih pilih bgt sama makanan dan kalo udah suka sama salah satu makanan bakal makan itu terus
2022-10-21 09:01:56+00:00,AmanMansyur,ngobrol bareng raditya dika ditemani aktor komedian ichal kate sambil makan makan di kantin blauran cipete obrolan se
2022-10-21 09:00:36+00:00,jamaeell,rekomendasi kuliner di malang mulai dari 10 ribuan aja a thread
2022-10-21 09:00:32+00:00,detik_jateng,dr zakir naik bicara hukum haram di balik makan babi
2022-10-21 09:00:29+00:00,jamaeell,kuliner kota malang ngiler ga haha hasil hunting kuliner kota malang beberapa hari ini thanks to my followers yg udah b
2022-10-21 09:00:19+00:00,cintamujuga,semoga aku kaya raya bisa punya yayasan usaha kuliner dan properti aamiin
2022-10-21 09:00:00+00:00,Lintas_MNCTV,sushi kuliner khas jepang bercitarasa bintang lima namun seharga kaki lima dapat dinikmati di kota pangkal pinang bangka belitung rasanya yang gurih dijamin membuat pencinta kuliner ketagihan cen mnctvnews lintasinews sushi kuliner bangkabelitung makanan kuliner
2022-10-21 08:56:41+00:00,Askrlfess,semoga aku kaya raya bisa punya yayasan usaha kuliner dan properti aamiin
2022-10-21 08:55:52+00:00,saputraekajuan,inspirasi kuliner spaghetti singkong menjadi inspirasi ganjar pranowo dalam menemukan alternatif ketahanan pangan ganj
2022-10-21 08:54:36+00:00,rajodurian,hayooo gabung dengan rajo durian management di usaha dagang kuliner buah durian si raja buah kuliner rajodurian
2022-10-21 08:54:14+00:00,widiahapsari,aku belum pernah tapi banyak yang rekomendasi kuliner di sekitar masjid darul aman silakan dicoba
2022-10-21 08:51:33+00:00,ivindyaja,nginepnya di bekasi kondangannya ke depok makannya kuliner bogor trus ketemu temen nya di jakarta mantab
2022-10-21 08:48:17+00:00,starrysheeee,yg dom jember gada yg mau main kh kuliner kek gitu hayu lahhh lagi gabut
2022-10-21 08:46:15+00:00,etikwahyu,ngobrol bareng raditya dika ditemani aktor komedian ichal kate sambil makan makan di kantin blauran cipete obrolan se
2022-10-21 08:45:03+00:00,bursamobilwtcm2,hallo duren mania jangan sampai kelewatan yaaa bazaar duren jatohan di wtc mangga dua lobi selatan depan atm bca mulai 24 oktober s d 19 november 2022 duren durian bazaarduren durianpetruk durianmatahari makanduren wtcmanggadua kuliner jajanduren foodbang
2022-10-21 08:36:25+00:00,detikcom,seorang wanita berusaha untuk membatalkan pesanan makan melalui ojek online karena terlalu lama menunggu tapi usahanya sia sia karena ia berakhir beli sendiri duh
2022-10-21 08:35:55+00:00,caramelsistur,sekarang udah skip banget nonton konten mukbang dan kuliner apapun padahal explore isinya semua makanan
2022-10-21 08:35:11+00:00,leo_suryadjaja,ada yang sudah pernah ke vietnam atau coba kuliner yang namanya banh trang nuong kalau belum pernah ke vietnam cobain
2022-10-21 08:34:26+00:00,AiraSyafaatul,lahan pakir thamrin 10 yang diubah tahun 2019 jadi pusat kuliner oleh anies thamrin 10 menjadi s
2022-10-21 08:32:44+00:00,pamulang_polsek,jumat 21 oktober 2022 personil piket fungsi pimpinan pawas ipda warsito panit intelkam melaksanakan giat pencegahan dan antisipasi tawuran pelajar dan mendapati sekelompok pelajar dari smk letris 2 pamulang dan smk darussalam ciputat sedang nongkrong di warung kuliner
2022-10-21 08:31:38+00:00,BaksoJOERAGAN,kuliner joeragan siap meramaikan industri kuliner kota bandung guys are you ready
2022-10-21 08:31:25+00:00,dd_didie,ngobrol bareng raditya dika ditemani aktor komedian ichal kate sambil makan makan di kantin blauran cipete obrolan se
2022-10-21 08:30:33+00:00,nanuguyaaa,ni kapan dietnya kalo diajak kulineran mulu ya tapi malang emang kalo buat kuliner ntaps bgt sih
2022-10-21 08:26:31+00:00,wolipop,hotman paris merayakan ulang tahun yang ke 63 tahun pengacara kondang ini merayakannya di atlas beach fest bersama para asisten pribadi ini potretnya
2022-10-21 08:24:00+00:00,Martabak_LEGIT,investasi kuliner martabak legit group khas bandung invest 25jt saham bagi hasil 500rb bln kontrak 3 th join now
2022-10-21 08:21:29+00:00,RazeenDaffa,lahan pakir thamrin 10 yang diubah tahun 2019 jadi pusat kuliner oleh anies thamrin 10 menjadi s
2022-10-21 08:21:08+00:00,SalsaCosmetic,mimin harus cobain apa lagi nih coba rekomen kuliner surabaya yang endul auto terbang kesana mimin
2022-10-21 08:20:54+00:00,bengkelpromosi,bengkel box motor delivery tangerang tangsel kuliner kurir olshop laundry toko grosir
2022-10-21 08:20:31+00:00,eslemoneaJ,waahh seru ya kayanya kulineran di solo kalo di sekitaran stasiun ada kuliner rekomendasi nggak re kali aja nanti pas pulkam abis main dari jogja sekalian melipir ke solo gitu
2022-10-21 08:19:21+00:00,chuwixe,kemarin banget abis nonton ripiu mamank kuliner dan ya emang mahal cuy dengan isi yang segitu kalo dia anti kritik gini ya gimana ya wkwkwk
2022-10-21 08:19:07+00:00,soonkissedskin,nanti kalo tiba2 mau nonton pas deket hari h aku beli yg purple biar sambil mencicipi kuliner festival jajanan bango
2022-10-21 08:14:34+00:00,SerenoaWolffort,malam nya kuliner di jl alor pulangnya beli mochiii besok nya lanjut ke nz curry house dan central market belanja lagi
2022-10-21 08:14:04+00:00,Ida_Farianda,wow udah buahnya enak kulitnya pun bisa jadi olahan kuliner resep olahan kulit durian simak tutorialnya sambil sesekali nyengir atau ketawa juga boleh
2022-10-21 08:13:23+00:00,nyongambon420,lahan pakir thamrin 10 yang diubah tahun 2019 jadi pusat kuliner oleh anies thamrin 10 menjadi s
2022-10-21 08:09:31+00:00,FOOD_FESS,kuliner yg wajib di cobain di semarang apa guis
2022-10-21 08:08:20+00:00,detikHealth,dr zakir naik berikan penjelasan logis di balik hukum haram makan daging babi dalam islam begini katanya
2022-10-21 08:07:56+00:00,_MINJl,inspirasi kuliner spaghetti singkong menjadi inspirasi ganjar pranowo dalam menemukan alternatif ketahanan pangan ganj
2022-10-21 08:06:48+00:00,noriba01,entah kenapa dr dulu paling gak seneng lihat cewek pamer posting makan juga paling anti nonton acara kuliner tv yg hostnya cewek apalagi dizoom mulutnya yg lagi ngunyah makanan ada kesan rakus makan
2022-10-21 08:06:44+00:00,mld_toni,langsung di review sama detik
2022-10-21 08:03:33+00:00,widiahapsari,3 mall icon siam klo udah mulai bosen sama semua makanan di atas aku pasti lari ke sini soalnya ada 10 lebih booth kuliner halal tapi ada minusnya karena banyak pilihan jadi kadang pusing bingung mau makan apa
2022-10-21 08:01:09+00:00,INAinTashkent,earlier today i attended the 37th trade expo indonesia at ice bsd tangerang senang melihat antusiasme 795 peserta te
2022-10-21 07:59:39+00:00,artemiscatto,mana tau beneran ada jajanan di situ bisa sambil wisata kuliner wkwkkw ditunggu
2022-10-21 07:59:22+00:00,susan_amelia46,hut pontianak ke251 pake adathecountry melayu bajukurung pecaaah ptk berjepin kuliner khas ptk konsermaniac musik bertaburan artis top amp budaya pantun jg bergema jln2 kejeruju tdk lupa beli duku slmt ultah kote ptk ku smg sukses amp bersinar slalu ootdfashion
2022-10-21 07:58:59+00:00,undipmenfess,dips kuliner di aloon aloon kauman yang jumat minggu itu sekarang masih ada kan buka jam berapa ya
2022-10-21 07:54:34+00:00,rajodurian,nikmati olahan durian khas nusantara atau anda ingin berinvestasi di manajemen kami hubungi duren nusantara management 083804038197 kuliner rajodurian
2022-10-21 07:53:56+00:00,rapmafmums,kuliner surabi kuliner tradisional ini merupakan salah satu penganan khas kota bandung dibuat dari campuran bahan utama tepung beras dan santan kelapa membuat surabi memiliki tekstur lembut dan rasa gurih yang selalu menggugah selera rapmanesia
2022-10-21 07:53:45+00:00,jogja_pijat_,avail jogja now pijat capek pegal urut vitalitas sensual bo yogyakarta malioboro jogja karta massage cowok pria pas
2022-10-21 07:53:27+00:00,pijat_pria_dion,avail jogja now pijat capek pegal urut vitalitas sensual bo yogyakarta malioboro jogja karta massage cowok pria pas
2022-10-21 07:52:55+00:00,pria_bo_bayaran,avail jogja now pijat capek pegal urut vitalitas sensual bo yogyakarta malioboro jogja karta massage cowok pria pas
2022-10-21 07:51:30+00:00,cnbcindonesia,ada potensi besar startup ini pasok kebutuhan umkm kuliner
2022-10-21 07:49:14+00:00,TatapMoeka,suasana hiruk pikuk depok udah paling bener cari tempat makan yang cozy tapi masuk kantong beuuh depok lucky bet masyaallah ada dari cemilan kopi sampai sop buntut dan iga bakarnya kelass full video only di youtube serlok kuliner serta tatap moeka
2022-10-21 07:47:35+00:00,Beyondgrave13,njir butuh berapa art ini buat bersih2 rumah n biaya bulananny berapa spt ipl dan ini pam ap air tanah biaya renov biar rapi terus rumah tiap tahun cukup gede ini wkwkwkw dan bagian bawah lumayan buat di jadiin tempat kuliner gtu pasti laku
2022-10-21 07:47:11+00:00,likelon,ngobrol bareng raditya dika ditemani aktor komedian ichal kate sambil makan makan di kantin blauran cipete obrolan se
2022-10-21 07:45:55+00:00,SPedalangan,kuliner weekend warung salamah pertigaan klaten dari arah solo garang asem dan wedang tape kulinerklaten
2022-10-21 07:45:02+00:00,RajaBulud,lahan pakir thamrin 10 yang diubah tahun 2019 jadi pusat kuliner oleh anies thamrin 10 menjadi s
2022-10-21 07:44:43+00:00,valensia90,thx min td sdh disamperin petugasnya jg just info kl di kuliner ayam laos itu taburanny laos kl ayam serundeng taburanny serundeng yg td judulny ayam laos tp taburanny serundeng gtu mksdku aku ga komplain petugas salah kasih cm nginfoin kl laos amp serundeng itu beda item
2022-10-21 07:43:16+00:00,RumaJamurBDG,olahan kuliner jamur lezat ini hanya bs anda nikmati di cafe amp resto rumah jamur kami siap dilaunching april
2022-10-21 07:41:08+00:00,Kuromeeee__,tak usah terburu buru rabi masih banyak hidden jem kuliner yg belum dijelajahi
2022-10-21 07:39:43+00:00,nayeserenade,oalah bulu bener pi paling kamu kuliner e di belakangnya pasar bulu
2022-10-21 07:38:46+00:00,Tapandoe,cece dari kemarin saya manggilnya rine wisata kuliner yang paling 1 menurut kamu di mana ce
2022-10-21 07:38:24+00:00,Sisukakecap,ngobrol bareng raditya dika ditemani aktor komedian ichal kate sambil makan makan di kantin blauran cipete obrolan se
2022-10-21 07:36:55+00:00,widiahapsari,1 platinum fashion mall food court lantai 6 di sini ada 3 booth makanan halal 1 booth roti canai dibanding beli di sentra kuliner depan platinum aku lebih suka di sini karena porsi ga begitu besar harganya lebih murah rasa juga lebih enak
2022-10-21 07:36:34+00:00,Abang2315,batagoor surabaya jl brawijaya surabaya batagor jajananbandung khasjawabarat jajanan kuliner batagorsurabaya kodamsurabaya
2022-10-21 07:36:15+00:00,SalsaCosmetic,haloo arek suroboyo kali ini mimin mau ajak kalian buat wisata kuliner di surabaya nih gak pernah bosen emang kalo ke surabaya kulinernya itu lo bikin ngiler semuaa langsung aja mimin spill satu satu ya yang udah mimin cobainn
2022-10-21 07:35:39+00:00,26Jujan,mantap lho kang kuliner bandung
2022-10-21 07:34:28+00:00,dddazzling__,bukan sender ya tpi aku tau lokasinya ini di festival kuliner delanggu klaten parkiran munggu
2022-10-21 07:34:19+00:00,WinJGR,seorang wanita di afrika selatan memegang rekor penyeduhan teh terbanyak dalam 1 jam ternyata ada misi mulia yang ia bawa begini kisahnya
2022-10-21 07:34:12+00:00,WinJGR,selain makanan tradisional di bandung juga ada beefsteak enak dengan harga terjangkau lho ini deretan tempat yang patut kamu coba kelezatan beefsteak nya
2022-10-21 07:33:28+00:00,JOERAGANGroup,anda calon2 pengusaha muda indonesia mari jadi bagian dari bisnis kuliner joeragan group kami siap bersinergi raih sukses bersama anda
2022-10-21 07:33:26+00:00,detikcom,seorang wanita di afrika selatan memegang rekor penyeduhan teh terbanyak dalam 1 jam ternyata ada misi mulia yang ia bawa begini kisahnya
2022-10-21 07:32:08+00:00,ArainsanR,lahan pakir thamrin 10 yang diubah tahun 2019 jadi pusat kuliner oleh anies thamrin 10 menjadi s
2022-10-21 07:28:57+00:00,AEPishere,selain makanan tradisional di bandung juga ada beefsteak enak dengan harga terjangkau lho ini deretan tempat yang patut kam
2022-10-21 07:28:50+00:00,unyasjafrina,selain makanan tradisional di bandung juga ada beefsteak enak dengan harga terjangkau lho ini deretan tempat yang patut kam
2022-10-21 07:28:02+00:00,rapmafmums,kuliner cuanki merupakan salah satu jajanan yang populer di bandung yang berbahan dasar ikan daging sapi tepung tapioka dan bumbu penyedap lainnya yang disajikan dengan kuah kaldu yang kuat berisi bakso siomay kukus siomay goreng tahu goreng dan tahu rebus rapmanesia
2022-10-21 07:25:53+00:00,kale_doskop,bukan sender ya tpi aku tau lokasinya ini di festival kuliner delanggu klaten parkiran munggu
2022-10-21 07:24:22+00:00,Fatayati2,lahan pakir thamrin 10 yang diubah tahun 2019 jadi pusat kuliner oleh anies thamrin 10 menjadi s
2022-10-21 07:23:29+00:00,dimaswongso,ngobrol bareng raditya dika ditemani aktor komedian ichal kate sambil makan makan di kantin blauran cipete obrolan se
2022-10-21 07:22:37+00:00,KompasKlasika,sejumlah pegiat kuliner di kawasan borobudur bersiap menyiapkan hidangan terbaik mereka yang akan disajikan untuk para pelari dalam ajang borobudur marathon mendatang nusantara adadikompas
2022-10-21 07:22:27+00:00,detikhot,mantan pebulutangkis ricky subagja tengah berbahagia bersama istrinya ini momen kekompakan mereka saat ngeteh cantik hingga nongkrong di bali
2022-10-21 07:20:49+00:00,detikcom,selain makanan tradisional di bandung juga ada beefsteak enak dengan harga terjangkau lho ini deretan tempat yang patut kamu coba kelezatan beefsteak nya
2022-10-21 07:20:00+00:00,newsmerahputih,ternyata sajian kuliner yang beragam terbentuk karena pernikahan campuran lho merahputihcom kuliner budaya pernikahan
2022-10-21 07:15:46+00:00,wolipop,mantan pebulutangkis ricky subagja tengah berbahagia bersama istrinya ini momen kekompakan mereka saat ngeteh cantik hingga nongkrong di bali
2022-10-21 07:15:19+00:00,tsulsiyahzp,rekomendasi kuliner di malang mulai dari 10 ribuan aja a thread
2022-10-21 07:13:44+00:00,detikhot,hotman paris merayakan ulang tahun yang ke 63 tahun pengacara kondang ini merayakannya di atlas beach fest bersama para asisten pribadi ini potretnya
2022-10-21 07:12:37+00:00,rapmafmums,kuliner nah kebanyakan makanan yang awalannya pakai ci itu ternyata asalnya dari bandung kaya cilok cimol cireng gituu rapmanesia
2022-10-21 07:12:28+00:00,Ading_Fardhy,patut dicoba
2022-10-21 07:12:25+00:00,hariankompas,sejumlah pegiat kuliner di kawasan borobudur bersiap menyiapkan hidangan terbaik mereka yang akan disajikan untuk para pelari dalam ajang borobudur marathon mendatang nusantara adadikompas
2022-10-21 07:11:55+00:00,RlSOLMAYO,siapa orang bandung di sini peliz kasih aku rekomendasi kuliner
2022-10-21 07:11:47+00:00,BikinLaparMata,yogyakarta terkenal dgn wisata kuliner yg murah meriah makanan apa saja yg pernah kamu coba saat travelling kesana jogjaupdate infojogja
2022-10-21 07:09:07+00:00,lokergoID,lowongan kerja loker lowongan kerja jakarta loker staf sales mall metro kebayoran adalah pusat kuliner belanja dan hiburan di atas lahan seluas 6 000 m2 dibuka sejak tahun 2016 metro kebayoran
2022-10-21 07:06:38+00:00,unyasjafrina,tak perlu bingung memilih makan siang di tanggal tua karena ada pilihan kwetiau enak dengan harga murah yang bisa dijajal i
2022-10-21 07:03:56+00:00,RBTHIndonesia,rooster ukha sup ikan rusia dengan kaldu ayam menurut legenda baik tsar maupun biarawan tidak dapat menolak sup yang menggoda ini benar atau tidak sup itu sendiri bergizi dan sangat lezat
2022-10-21 07:03:32+00:00,JOERAGANGroup,jadilah yg pertama buka resto kuliner joeragan di bdg konsep beda dr yang lain all kuliner ala joeragan ada disini
2022-10-21 07:03:17+00:00,IndosiarTV,bakso udang sajian kuliner nikmat di kota palembang yang wajib dicoba fokus sekilas nampak beda dengan bakso biasanya bakso ini berwarna lebih putih karena menggunakan bahan dasar daging udang
2022-10-21 06:59:04+00:00,judaljadulofc,halo tangerang akan ada acara kece nih di summarecon mall serpong mulai tanggal 27 oktober 2022 ini nama acaranya festival kuliner serpong ada banyak kuliner kuliner yang enak dan pastinya ada kami
2022-10-21 06:57:27+00:00,detikcom,detikers wajib coba nih pisang goreng berukuran jumbo di jalan balonggede bandung yang enak dan murah meriah tapi bikin kenyang via
2022-10-21 06:54:55+00:00,rapmafmums,kuliner lotek merupakan salah satu makanan yang sudah ada sejak dulu kala lotek merupakan sayuran yang dibumbui kacang dan disajikan dengan lontong atau nasi hangat disertai dengan kerupuk dan bawang goreng rapmanesia
2022-10-21 06:54:36+00:00,rajodurian,rasakan lembut dan gurihnya kuliner rajo durian ini di outlet outlet kami atau pun bisa anda bawa pulang kuliner rajodurian
2022-10-21 06:48:56+00:00,detikcom,tak perlu bingung memilih makan siang di tanggal tua karena ada pilihan kwetiau enak dengan harga murah yang bisa dijajal ini rekomendasinya
2022-10-21 06:45:10+00:00,Askrlfess,tempat dan kuliner yang wajib dicoba saat ke bandung
2022-10-21 06:41:50+00:00,nvparagirl,t minum air putih biar sehat reyhan intan melupakan ten birthday gasabar comeback itzy boys like you si cantik ganteng kons
2022-10-21 06:40:06+00:00,rapmafmums,kuliner batagor merupakan salah satu kuliner khas bandung yang juga menjadi favorit batagor merupakan singkatan dari bakso tahu goreng rapmanesia
2022-10-21 06:38:58+00:00,Carito_CEmbul,teman2 yang di bogor kota pasti tidak asing dengan perempatan jalan ini kuliner yuk ada rindu itu virus
2022-10-21 06:36:24+00:00,anji_muhammad,kuliner jogja
2022-10-21 06:35:13+00:00,namericanosuh,moso ya wak mau enek juga lewat meme tengah tengah purple yellow green digelar festiv kuliner bango nangeees orang kok pada lucu lucu
2022-10-21 06:34:04+00:00,MANUKPEDET,lahan pakir thamrin 10 yang diubah tahun 2019 jadi pusat kuliner oleh anies thamrin 10 menjadi s
2022-10-21 06:33:45+00:00,ongepeach,yoihhh kuliner is the best option
2022-10-21 06:31:53+00:00,alastairsan,kalau saran kuliner gue ngga jago tapi kalau lo dapat saran boleh dikasih tau btw my jar of happiness tumpah tumpah
2022-10-21 06:30:34+00:00,mermaidpiscess,ada yang sudah pernah ke vietnam atau coba kuliner yang namanya banh trang nuong kalau belum pernah ke vietnam cobain
2022-10-21 06:30:09+00:00,soloposdotcom,muktamar solo great sale upaya panitia cegah penggembira beli kuliner nonhalal
2022-10-21 06:30:00+00:00,MiBurungDaraID,mi burung dara tuh pilihan tepat buat usaha kuliner mi nya yang mudah menyerap bumbu bisa buat hidanganmu jadi lebih enak noodlefact mikeringlegendaris miurai miburungdara enaknyanyambungterus
2022-10-21 06:28:47+00:00,escobranyusss,top story 5 tempat makan kwetiau enak yang murah cocok buat tanggal tua see more
2022-10-21 06:27:41+00:00,whosdinoy,knp y tiap minta duit slalu diblg jgn boros jgn boros ya gimana ya gue kalo stres makan mulu jdnya gara2 tembalang full kuliner cilegon kan gda apa apa mknya gue jarang jajan
2022-10-21 06:25:05+00:00,terkini_isu,toko kue tradisional yang sudah berdiri selama 70 tahun ini jadi sepi pembeli padahal beberapa orang mengakui menu jualan me
2022-10-21 06:24:43+00:00,detikcom,toko kue tradisional yang sudah berdiri selama 70 tahun ini jadi sepi pembeli padahal beberapa orang mengakui menu jualan mereka enak ternyata ini alasannya
2022-10-21 06:22:44+00:00,didut,ngobrol bareng raditya dika ditemani aktor komedian ichal kate sambil makan makan di kantin blauran cipete obrolan se
2022-10-21 06:22:39+00:00,stefanusahonk1,wah juara sekali mas nya ini seluk beluk kuliner kota solo paham
2022-10-21 06:22:22+00:00,teppy87,ngobrol bareng raditya dika ditemani aktor komedian ichal kate sambil makan makan di kantin blauran cipete obrolan se
2022-10-21 06:20:33+00:00,alyapedia,yang itu penjelejah kuliner antar terop
2022-10-21 06:20:22+00:00,terkinidotid,tingkatkan inovasi dan higenitas sajian kuliner dispar kota makasar gelar pelatihan bagi ksw dan pengelola rm
2022-10-21 06:20:05+00:00,AdamBebet,lahan pakir thamrin 10 yang diubah tahun 2019 jadi pusat kuliner oleh anies thamrin 10 menjadi s
2022-10-21 06:18:47+00:00,pria_bo_bayaran,avail jogja now pijat capek pegal urut vitalitas sensual bo yogyakarta malioboro jogja karta massage cowok pria pasutri couple sange tugu purwokerto nayeon hujan magelang purworejo klaten gym parangtritis borobudur event kuliner jalan liburan macet bantul pijit men man gay
2022-10-21 06:17:56+00:00,Listina86,ada yang sudah pernah ke vietnam atau coba kuliner yang namanya banh trang nuong kalau belum pernah ke vietnam cobain
2022-10-21 06:15:08+00:00,Diditapriadi2,lahan pakir thamrin 10 yang diubah tahun 2019 jadi pusat kuliner oleh anies thamrin 10 menjadi s
2022-10-21 06:12:47+00:00,mondejungwoo,bukan sender ya tpi aku tau lokasinya ini di festival kuliner delanggu klaten parkiran munggu
2022-10-21 06:12:28+00:00,kusmaimama,dibuka kembali request itinerary bali dan harganya jadi lebih ekonomis dari yg sebelumnya hehe kali ini aku ga rekomen
2022-10-21 06:12:15+00:00,Tribun_Solo,kuliner solo 5 bebek goreng enak di solo raya bebek goreng pak ndut hingga bebek goreng h slamet
2022-10-21 06:09:33+00:00,KATADATAcoid,kopi kenangan teguk dan dailybox merambah pasar malaysia amerika dan singapura ketiga startup kuliner ini menghadirkan kuliner khas dan minuman tren di indonesia
2022-10-21 06:06:06+00:00,nsryaa__,ketagihan makan di kuliner lor tugu
2022-10-21 06:05:38+00:00,zalfaashong_,jalan jalan sama anak suami sambil kuliner makanan enak
2022-10-21 06:05:27+00:00,detikfood,di satay by the bay bisa nongkrong dan jajan makanan lokal enak singapura
2022-10-21 06:00:54+00:00,sokoguruid,sosok irmawati husen ini dikenal sebagai perempuan yang berhasil mengembangkan bisnis kuliner yang memanfaatkan hasil rempah bumi maluku baca inspirasi selengkapnya dengan klik sokoguru sokoguruid umkm beritaumkm beritaindonesia beritakuliner
2022-10-21 06:00:00+00:00,sakaugm,rakan sakapedia kali ini menghadirkan salah satu kuliner top dari aceh yaitu sate matang yuk dicoba kuliner mantap yang satu ini referensi kabinet meurono seureuta belajar bersama
2022-10-21 05:59:02+00:00,OjolNyambi,lahan pakir thamrin 10 yang diubah tahun 2019 jadi pusat kuliner oleh anies thamrin 10 menjadi s
2022-10-21 05:58:14+00:00,ManadoFWD,bisnis kuliner memang mudah untuk kamu tekuni tapi bisnis makanan apa ya yuk coba tambah penghasilan dengan jualan ma
2022-10-21 05:57:24+00:00,SinggihPutranto,ngobrol bareng raditya dika ditemani aktor komedian ichal kate sambil makan makan di kantin blauran cipete obrolan se
2022-10-21 05:54:45+00:00,WaskitaTollRoad,1 sate kambing dudung telah berdiri sejak tahun 1963 yang menyajikan sate dan sop kambing banyak para penikmat kuliner rela antri untuk menikmati hangatnya kuliner legendaris ini waskitatollroad wtr waskitakarya waskita warisankita info bekasi cawang kampungmelayu
2022-10-21 05:54:45+00:00,ClayTasya,pemegang kartu kredit mandiri dapat menggunakan livin point nya untuk staycation dan berlibur bersama keluarga maupun hanya sekedar menikmati kuliner nusantara bersama orang terkasih di seluruh jaringan hotel hig dengan lebih hemat
2022-10-21 05:51:28+00:00,TemanUno_binjai,desa tenjolaya dikaruniai sumber daya alam yang indah dan juga melimpah terlihat dari debit air yang mencapai 500 liter detik potensi ini dapat dioptimalkan sebagai produk ekonomi kreatif yang akan menopang subsektor kuliner temansandi bapakpewarisutang bukaisihape
2022-10-21 05:50:13+00:00,fifi_putriani,bukan sender ya tpi aku tau lokasinya ini di festival kuliner delanggu klaten parkiran munggur park tgl 20 23 okt jam 15 00 22 00 mayan deket dari solo kak
2022-10-21 05:47:11+00:00,UNSfess_,orang salatigaaaa drop rekomendasi kuliner donggg 11fess
2022-10-21 05:46:54+00:00,detikfinance,bisnis kuliner memang mudah untuk kamu tekuni tapi bisnis makanan apa ya yuk coba tambah penghasilan dengan jualan makanan yang laris di kampung
2022-10-21 05:43:15+00:00,RumaJamurBDG,mau tau gurihnya bisnis kuliner keripik jamur baca disini yuk insyaallah bermanfaat
2022-10-21 05:43:09+00:00,anotherstrnger,itu bagian tengah ada yang bolong gitu mau diisi sama bazar festival kuliner gitu apa gimana
2022-10-21 05:42:28+00:00,widipamungkas84,lahan pakir thamrin 10 yang diubah tahun 2019 jadi pusat kuliner oleh anies thamrin 10 menjadi s
2022-10-21 05:41:04+00:00,dyananest,orang jual mie ayam tu banyak banget banget apa salahnya dia coba buat inovasi utk cari marketnya cocok beli ga cocok lewatin aja hari gini org ga bikin inovasi apalagi kuliner dg harga murah ya sulit mbak utk bertahan
2022-10-21 05:39:26+00:00,Bougain34875357,lahan pakir thamrin 10 yang diubah tahun 2019 jadi pusat kuliner oleh anies thamrin 10 menjadi s
2022-10-21 05:39:03+00:00,fach_rez,ngobrol bareng raditya dika ditemani aktor komedian ichal kate sambil makan makan di kantin blauran cipete obrolan se
2022-10-21 05:35:25+00:00,detikfood,pecahkan rekor dunia wanita ini seduh 249 cangkir teh dalam 1 jam
2022-10-21 05:34:31+00:00,Lingkar_Jakarta,beryukurlah di tegal memiliki salah satu kuliner khas yaitu soto tauco yang ngeyangin dan bikin anget di badan terlebih pa
2022-10-21 05:34:16+00:00,PempekJOERAGAN,hayo dipilih kuliner kesukaan agan yang mana ni rasanya dijamin paling puoooolll mampir yuk
2022-10-21 05:32:56+00:00,adibagusalv,kangen suasana kantor di hari jumat full kuliner
2022-10-21 05:32:30+00:00,upit_nuril,ngobrol bareng raditya dika ditemani aktor komedian ichal kate sambil makan makan di kantin blauran cipete obrolan se
2022-10-21 05:30:46+00:00,hereticsatan666,sampai meleber yaaa soal kuliner
2022-10-21 05:30:33+00:00,listentofeast,baru landing udah ngasih list kuliner ke road man
2022-10-21 05:30:17+00:00,dailysocial,startup pengembang layanan saas untuk bisnis kuliner runchise mengumumkan pendanaan tahap awal dengan nilai yang dirahasiakan
2022-10-21 05:24:51+00:00,Fransisca_Nat2,mau tahu info kesehatan kuliner travelling dan yang lainnya follow kuenyonya ya
2022-10-21 05:24:23+00:00,SobatUno,kuliner indonesia akan maju apalagi didukung dengan program indonesia apice up the world sandiagauno twitter ekonomi zonauang gapake trending spotify viral ngizinin kerjakeras minions jumatberkah perfect strangers
2022-10-21 05:23:14+00:00,onrainydays915,asli gue gregetan pengen banget pacaran ama aheng jalan2 terus wisata kuliner kemana2 he is too adorable
2022-10-21 05:22:00+00:00,mistaeribox,ada yang sudah pernah ke vietnam atau coba kuliner yang namanya banh trang nuong kalau belum pernah ke vietnam cobain
2022-10-21 05:21:42+00:00,aari_e,lahan pakir thamrin 10 yang diubah tahun 2019 jadi pusat kuliner oleh anies thamrin 10 menjadi s
2022-10-21 05:18:21+00:00,AlimuddinDaeng2,earlier today i attended the 37th trade expo indonesia at ice bsd tangerang senang melihat antusiasme 795 peserta te
2022-10-21 05:15:46+00:00,buddykuofficial,3 kisah artis legendaris indonesia hidupnya berakhir tragis dan terlilit utang
2022-10-21 05:13:22+00:00,RumaJamurBDG,cafe rumah jamur sudah di launching lokasi di jl sirnarasa no 191 cimahi all kuliner jamur ada disini yummy
2022-10-21 05:13:03+00:00,jawapos,5 glamping di bogor dengan view alam harga fasilitas dan lokasi
2022-10-21 05:10:40+00:00,PanangianTambu1,di taurat yg haram bukan hanya babi tp jg onta pelamduk kelinci semua ikan tdk bersisik jd allah swt pembuat quran ngibul menurunkan taurat dr zakir naik memberi penjelasan logis di balik hukum haram makan daging babi dalam islam begini katanya
2022-10-21 05:10:22+00:00,adistarc,rindu juga dgn my city kalibata dengan segala warteg dan opsi kuliner yg luwas
2022-10-21 05:07:51+00:00,jakarta_food,detikfood 5 tempat makan kwetiau enak yang murah cocok buat tanggal tua
2022-10-21 05:07:51+00:00,jakarta_food,detikfood 5 steak murah di bandung yang lezat harganya mulai rp 20 ribuan
2022-10-21 05:06:24+00:00,jawapos,lima wisata di jawa tengah wajib dikunjungi tiket daya tarik lokasi
2022-10-21 05:05:24+00:00,detikfood,5 tempat makan kwetiau enak yang murah cocok buat tanggal tua
2022-10-21 05:04:25+00:00,DadanR,hoooo sekakura malam ini ada bahas tongkat buat kartu tol dari indonesia trus jesse disuruh nebak buat apa dan doi jawab
2022-10-21 05:03:40+00:00,pranandaprabowo,media pintar perjuangan memiliki fitur yang bernama pasar gotong royong yang didalamnya terdapat beberapa produk dianta
2022-10-21 05:01:12+00:00,hll_gdby,beryukurlah di tegal memiliki salah satu kuliner khas yaitu soto tauco yang ngeyangin dan bikin anget di badan terlebih pa
2022-10-21 04:58:00+00:00,budiwee,halo dek kalo pasanganmu mengatakan engkaulah tulang rusukku jangan mudah ge er apalagi baper lihat dalam konteks apa dia ngomong kalo konteksnya kuliner itu serem loh dek
2022-10-21 04:52:28+00:00,GoyaJikko,lahan pakir thamrin 10 yang diubah tahun 2019 jadi pusat kuliner oleh anies thamrin 10 menjadi s
2022-10-21 04:47:44+00:00,Kemendag,selamat siang kawaniaga di sela sela gelaran pameran kuliner dan pangan nusantara kemendag menganugerahkan ukm pangan award 2022 kepada 10 ukm terpilih di ice bsd city kamis 20 okt ayodagang
2022-10-21 04:46:58+00:00,jejegvrl,sudah waktunya mas cristiano beli klub bola atau bisnis kuliner
2022-10-21 04:44:27+00:00,Sutboi_,sudah waktunya mas cristiano beli klub bola atau bisnis kuliner
2022-10-21 04:43:32+00:00,terkinidotid,ketua tp pkk kalimantan barat sambangi stand dinas pariwisata kota makassar berbagai macam produk umkm mulai dari fashion kain motif corak insang hingga kuliner dipamerkan dan dijual pada gelaran news dinaspariwisatakotamakassar disparmakassar
2022-10-21 04:43:15+00:00,RumaJamurBDG,cari oleh2khasbandung yg unik dan yummy moyster chips terbaru dari olahan kuliner jamur camilan sehat low cholesterol dan yummy
2022-10-21 04:43:05+00:00,itsmhrhmn,ngobrol bareng raditya dika ditemani aktor komedian ichal kate sambil makan makan di kantin blauran cipete obrolan se
2022-10-21 04:42:54+00:00,Y0ungkee,kalo makan pedes suka cegukan suka rebahan clumsy punya tanda lahir di tempat yg sama kalo liburan suka tidur juga suka suka kuliner hshsh
2022-10-21 04:41:56+00:00,tunamaiyo,sore sore ke pantai nonton film di bioskop hunting buku atau kuliner
2022-10-21 04:41:24+00:00,detikfood,5 steak murah di bandung yang lezat harganya mulai rp 20 ribuan
2022-10-21 04:39:57+00:00,thieyena,goks banget baru bikin ig kuliner 1 hari udh ada yang ngajak collab asek makan gratis
2022-10-21 04:39:51+00:00,AesthetiCute17,t minum air putih biar sehat reyhan intan melupakan ten birthday gasabar comeback itzy boys like you si cantik ganteng kons
2022-10-21 04:32:43+00:00,kominfo_sleman,dinas pariwisata sleman berkolaborasi dengan komite ekonomi kreatif kabupaten sleman menggelar sleman creative week 2
2022-10-21 04:30:31+00:00,illusixxn,rekomendasi kuliner di malang mulai dari 10 ribuan aja a thread
2022-10-21 04:30:04+00:00,hindrikatasha,sebenernya kuliner semarang lebih banyak yg enak malem sih daf aku seringnya makan nasgor babat oh iya nasi gandul pak memet juga itu enak ada banyak opsi kalo gak suka jeroan gitu ada daging doang
2022-10-21 04:29:04+00:00,BisBanNews,mengulik peluang bisnis karedok kuliner khas bandung yang menyehatkan karedok merupakan kuliner khas bandung dari sejak dahulu dengan kombinasi aneka sayuran menjadikan hidangan ini sehat untuk dikonsumsi
2022-10-21 04:28:48+00:00,Martabaqmani5,memperkaya wawasan kuliner juga sih ya
2022-10-21 04:28:43+00:00,Martabaqmani5,memperkaya wawasan kuliner juga sih ya
2022-10-21 04:28:38+00:00,Martabaqmani5,memperkaya wawasan kuliner juga sih ya
2022-10-21 04:28:00+00:00,tong_andreas,mengaramkan ciptaan tuhan anda hina tuhan yg haram itu pikiran perbuatan perkataan kotor jahat keluar mulut anda dr zakor dr zakir naik memberi penjelasan logis di balik hukum haram makan daging babi dalam islam begini katanya
2022-10-21 04:25:03+00:00,perindagsleman,dinas pariwisata sleman berkolaborasi dengan komite ekonomi kreatif kabupaten sleman menggelar sleman creative week 2 dengan tema living collaborative culture yang berlangsung luring di sleman creative space taman kuliner condong catur dinas perindustrian amp perdagangan sleman
2022-10-21 04:24:17+00:00,Iwan_E_P,beryukurlah di tegal memiliki salah satu kuliner khas yaitu soto tauco yang ngeyangin dan bikin anget di badan terlebih pa
2022-10-21 04:22:19+00:00,Love_niknosia,lagi di bandung yuk coba rekomendasi 7 wisata kuliner ini via id
2022-10-21 04:21:56+00:00,celline54148140,saran kuliner enak yang bisa pesen online di surabaya
2022-10-21 04:19:22+00:00,Sigmamale1337,iy klo org2 gabutuh nongki bisa2 resesi terus indonesia krn org2 gaberani keluar duit umkm kuliner hancoeer
2022-10-21 04:16:26+00:00,Martabaqmani5,memperkaya wawasan kuliner juga sih ya
2022-10-21 04:16:22+00:00,Martabaqmani5,memperkaya wawasan kuliner juga sih ya
2022-10-21 04:16:17+00:00,Martabaqmani5,memperkaya wawasan kuliner juga sih ya
2022-10-21 04:15:00+00:00,infotegal,beryukurlah di tegal memiliki salah satu kuliner khas yaitu soto tauco yang ngeyangin dan bikin anget di badan terlebih pas cuaca yang sering tidak menentu seperti sekarang bahkan mudan ditemukan hampir di beberapa tempat tinggal dipilih sesuai style dan selera
2022-10-21 04:13:20+00:00,RumaJamurBDG,telah hadir rumajamur all about kuliner jamur is here bento jamur nugget sosis siomay burger dll semua yummy
2022-10-21 04:12:44+00:00,hariannusa_,umkm ntb ikuti event kuliner dan pangan nusantara 2022
2022-10-21 04:12:44+00:00,faizugrasena,ngobrol bareng raditya dika ditemani aktor komedian ichal kate sambil makan makan di kantin blauran cipete obrolan se
2022-10-21 04:12:43+00:00,hariannusacom,umkm ntb ikuti event kuliner dan pangan nusantara 2022
2022-10-21 04:12:14+00:00,PapaEK0,ngemil heula papaeko kuliner makanan kesukaan warga perbatasan pondok labu lebak bulus cinere pun demikian untuk orderan para mitra ojekonline bakso joni 0878 1266 5905 bakso dan somaynya yummy banget deh
2022-10-21 04:11:41+00:00,indartinew,selamat hari kamis manis buat kalian pecinta kuliner mimin mau tebak tebakan dong ini makanan khas semarang brosis
2022-10-21 04:08:49+00:00,kurangminumm,ngobrol bareng raditya dika ditemani aktor komedian ichal kate sambil makan makan di kantin blauran cipete obrolan se
2022-10-21 04:07:20+00:00,jakarta_food,detikfood dr zakir naik ungkap alasan ilmiah di balik hukum haram makan babi
2022-10-21 04:07:19+00:00,jakarta_food,detikfood 5 beefsteak murah di jakarta barat yang rasanya bintang lima
2022-10-21 04:06:26+00:00,JurixHama,jumat berkah kuliner bandung bandung
2022-10-21 04:05:22+00:00,detikfood,dr zakir naik ungkap alasan ilmiah di balik hukum haram makan babi
2022-10-21 04:05:08+00:00,ismanto_danie,inspirasi kuliner spaghetti singkong menjadi inspirasi ganjar pranowo dalam menemukan alternatif ketahanan pangan ganj
2022-10-21 04:03:15+00:00,chwzzcake,t minum air putih biar sehat reyhan intan melupakan ten birthday gasabar comeback itzy boys like you si cantik ganteng konser yeji lia ryujin chaeryeong yuna jumat berkah weekend rehan cipung minggu sabtu lisa jennie rose jisoo dream seblak kuliner pedas
2022-10-21 03:59:54+00:00,berbagimasakan,minggu depan tgl 28 30 okt beneran ada lho fjb yuk dateng yuk bakal ada beragam kuliner legendaris di sana jangan lupa untuk daftar dulu di gratissss
2022-10-21 03:57:22+00:00,07ngrampal,babinsa desa puro serma budi santoso melaksanakan giat komsos pendampingan ibu sugeng riyanto ketua seksi kebudayaan persit kartika candra kirana kodim 0725 sragen dalam rangka pembuatan booklet buku katalog obyek wisata kuliner dan kerajinan kas sragen ds puro karangmalang
2022-10-21 03:53:30+00:00,FernaldyRizky11,lembut hangat siomay dimsum dan siomay bandung tak bisa dilupakan ternyata kedua makanan ini punya perbedaan simak perbedaa
2022-10-21 03:53:26+00:00,classychang,pengen hunting kuliner tapi selalu merasa ragu wkwk
2022-10-21 03:53:07+00:00,punyaseokjin08,temanggung gaada kuliner
2022-10-21 03:50:38+00:00,TheDareBand,mau dong kuliner disana enak enak katanya
2022-10-21 03:49:13+00:00,fadlidzon,di era presiden jokowi jalan tol transjawa tersambung sepanjang 760 km jalannya mulus pemandangannya indah gunung sawah desa desa simpang susun jembatan kuliner lokal di rest area bersamajokowi indonesiamaju
2022-10-21 03:44:36+00:00,aphelionie,hoooo sekakura malam ini ada bahas tongkat buat kartu tol dari indonesia trus jesse disuruh nebak buat apa dan doi jawab
2022-10-21 03:42:53+00:00,detik_jabar,detikers wajib coba nih pisang goreng berukuran jumbo di jalan balonggede bandung yang enak dan murah meriah tapi bikin kenyang
2022-10-21 03:40:27+00:00,rdesieka,ngobrol bareng raditya dika ditemani aktor komedian ichal kate sambil makan makan di kantin blauran cipete obrolan se
2022-10-21 03:38:56+00:00,ndodiyah,ngobrol bareng raditya dika ditemani aktor komedian ichal kate sambil makan makan di kantin blauran cipete obrolan se
2022-10-21 03:35:52+00:00,HikaChi_Az,cocok 1 pakai pakaian begini di tengah musim gugur ada ada saja makein jaket ke cuman utk pemotretan kok baiklah selamat berkencan pergi 1 jadi mau kmn 1 hmm berburu kuliner spertinya tdk buruk garuk pipi pegang tgn
2022-10-21 03:35:21+00:00,detikfood,5 beefsteak murah di jakarta barat yang rasanya bintang lima
2022-10-21 03:34:16+00:00,PempekJOERAGAN,kuliner pempek paling ajip mantap enaak sekaliiii nih sekali coba pasti suka pempekjoeragan pempekjoeragan
2022-10-21 03:26:22+00:00,Vergil122,sholat jumat selain berburu pahala berburu kuliner pun dapat
2022-10-21 03:24:00+00:00,Martabak_LEGIT,mau invest kulinerbdg mulai dari 25 juta saham dpt bagi hasil 500ribu bulan info 0812 2269 0766 atau klik join
2022-10-21 03:23:46+00:00,sarahssssi,woy pantas aj ak pernah liat soalnya klo baris ank dkv slalu disamping ank kuliner
2022-10-21 03:23:04+00:00,SukoharJOS,resep andalan keluarga ayam kecap bumbunya meresap sampai ke dalam berita sukoharjo berita sukoharjo sukoharjo sukoharjomakmur beritasukoharjo
2022-10-21 03:22:34+00:00,aray_noff,selamat siang mbak eunice mbak ijin apa ada thread rekomendasi kuliner di sekitar seminyak dan rental motor terima kasih
2022-10-21 03:19:20+00:00,haveyouanyboo,ngobrol bareng raditya dika ditemani aktor komedian ichal kate sambil makan makan di kantin blauran cipete obrolan se
2022-10-21 03:18:04+00:00,misusatriyo,kuliner khas indonesia yg tetep mahal dan mewah apa ya kira2 gak mau rugi
2022-10-21 03:16:45+00:00,esterpropilen,ngobrol bareng raditya dika ditemani aktor komedian ichal kate sambil makan makan di kantin blauran cipete obrolan se
2022-10-21 03:16:20+00:00,kumpulanberit,modal makaroni jadi cemilan 40 bungkus bisa dijual murah meriah buat anak sd
2022-10-21 03:13:21+00:00,RumaJamurBDG,mau mencicipi gurihnya penghasilan di bisnis kuliner tapi ga bisa jualan hubungi kami untuk mendapatkan tips n triknya
2022-10-21 03:12:02+00:00,zerocmstry,dah selesai kuliner malamnya
2022-10-21 03:09:46+00:00,Biz4u3,nggak ada yang marahi kang apalagi bawain jajan dr sini trus kasih juga kupon diskonnya xtra ae93 siapa yg gak seneng tuh rendang pie nya gimana gitu makan sarapan jajan ngopi kuliner enak enakbanget sehat
2022-10-21 03:09:41+00:00,feingurls,halo kak aku intern program mbkm di pergi kuliner yaa
2022-10-21 03:07:29+00:00,boringbreaker,ngobrol bareng raditya dika ditemani aktor komedian ichal kate sambil makan makan di kantin blauran cipete obrolan se
2022-10-21 03:07:15+00:00,erdhacrst,malah buka taman kuliner sue2
2022-10-21 03:06:55+00:00,arzkrh,ngobrol bareng raditya dika ditemani aktor komedian ichal kate sambil makan makan di kantin blauran cipete obrolan se
2022-10-21 03:03:29+00:00,sahabat_umkm,gandeng sahabat umkm cosmos dukung pelaku kuliner tingkatkan daya saing usahanya via
2022-10-21 03:01:56+00:00,predatorfunpark,anda juga patut mencoba kuliner extreme khas predator fun park yakni sate buaya menu ini bisa didapatkan di area food court
2022-10-21 03:01:33+00:00,d4ngdj4t,ini kuliner yg enak unik luar biasa jarang yg bisa krn proses pembuatannya di tungku tradisional
2022-10-21 03:00:09+00:00,kbk_newsroom,melalui layanan ini diharapkan pelanggan dapat memesan menu berbeda ataupun menu yang sama untuk dikirimkan ke ratusan bahkan ribuan alamat tanpa perlu melakukan pemesanan satu demi satu foodspot katering kuliner jakartabisnis
2022-10-21 02:59:52+00:00,JakartabisnisID,melalui layanan ini diharapkan pelanggan dapat memesan menu berbeda ataupun menu yang sama untuk dikirimkan ke ratusan bahkan ribuan alamat tanpa perlu melakukan pemesanan satu demi satu foodspot katering kuliner jakartabisnis
2022-10-21 02:58:57+00:00,ji_kyu_julge,ada yang sudah pernah ke vietnam atau coba kuliner yang namanya banh trang nuong kalau belum pernah ke vietnam cobain
2022-10-21 02:56:41+00:00,d4ngdj4t,kuliner tradisional sangat legendaris soal rasa tak kenal miskin kaya tetap lestarikan kearifan lokal
2022-10-21 02:54:36+00:00,rajodurian,dengan 8 outlet yang tersebar di jakarta depok dan bogor memudahkan anda untuk menikmati hidangan kuliner dari kami kuliner rajodurian
2022-10-21 02:51:07+00:00,Maudy_usn,sobat pesona udah pernah ke sulawesi tenggara belum nah kalau mau lihat gimana pesona wisata budaya hingga kuline
2022-10-21 02:48:07+00:00,Andywperdana,lahan pakir thamrin 10 yang diubah tahun 2019 jadi pusat kuliner oleh anies thamrin 10 menjadi s
2022-10-21 02:47:20+00:00,kumpulanberit,modal telur ayam dan kulit lumpia bisa jadi ide jualan anak sd per biji laku rp3000 an
2022-10-21 02:46:11+00:00,kumpulanberit,resep ayam geprek nasi liwet sambel bawang ide jualan dengan modal ekonomis
2022-10-21 02:42:03+00:00,Udanudan_U,sekakura 2hr sp tayang 19 oktober 2022 potongan khusus bagian indonesia aja part 1 membahas mengenai spot kuliner
2022-10-21 02:41:43+00:00,_cororong_,sekakura 2hr sp tayang 19 oktober 2022 potongan khusus bagian indonesia aja part 1 membahas mengenai spot kuliner
2022-10-21 02:41:14+00:00,_cororong_,hoooo sekakura malam ini ada bahas tongkat buat kartu tol dari indonesia trus jesse disuruh nebak buat apa dan doi jawab
2022-10-21 02:39:28+00:00,TemanUno15,desa tenjolaya dikaruniai sumber daya alam yang indah dan melimpah terlihat dari debit air yang mencapai 500 liter detik potensi ini dapat dioptimalkan sebagai produk ekonomi kreatif yang akan menopang subsektor kuliner temansandi bukaisihape ten hag 1 4 m ronaldo adekmu
2022-10-21 02:39:10+00:00,teman_sandi,desa tenjolaya dikaruniai sumber daya alam yang indah dan melimpah terlihat dari debit air yang mencapai 500 liter detik potensi ini dapat dioptimalkan sebagai produk ekonomi kreatif yang akan menopang subsektor kuliner temansandi bukaisihape ten hag 1 4 m ronaldo adekmu
2022-10-21 02:38:05+00:00,Karachmatoni,ngobrol bareng raditya dika ditemani aktor komedian ichal kate sambil makan makan di kantin blauran cipete obrolan se
2022-10-21 02:35:18+00:00,umminadira77,ada yang sudah pernah ke vietnam atau coba kuliner yang namanya banh trang nuong kalau belum pernah ke vietnam cobain
2022-10-21 02:31:19+00:00,sandyculinaire,untuk jasa konsultasi kuliner management design furniture info add pin scc 21ee2db2
2022-10-21 02:30:32+00:00,toserdas,untuk info seputar produk toserdas lngsung kontak cp kami via bbm pin 570c5da9 infosolo kuliner skh kulinersolo dolansolo seputarsolo
2022-10-21 02:29:24+00:00,Iqbalqubil20,ngobrol bareng raditya dika ditemani aktor komedian ichal kate sambil makan makan di kantin blauran cipete obrolan se
2022-10-21 02:28:59+00:00,lesbonymphic,kwkwk sambil mencoba kuliner berbagai provinsi dengan kekhasan masing2 kali kali nnti ada yg mau ikutan mam membernya
2022-10-21 02:28:45+00:00,escobranyusss,top story biarkan anaknya minum es kopi ibu ini bikin netizen heran see more
2022-10-21 02:27:06+00:00,idntimes,gak lupa buat wisata kuliner di jepang
2022-10-21 02:24:31+00:00,wolipop,mantan kaesang pangarep nadya arifta kini tengah disibukkan dengan usaha kuliner dan hijab yang sedang dijalaninya bagaimana penampilan nadya kini
2022-10-21 02:22:55+00:00,_nawawan,ngobrol bareng raditya dika ditemani aktor komedian ichal kate sambil makan makan di kantin blauran cipete obrolan se
2022-10-21 02:21:46+00:00,salmonpieberry,ngobrol bareng raditya dika ditemani aktor komedian ichal kate sambil makan makan di kantin blauran cipete obrolan se
2022-10-21 02:21:28+00:00,jajili_ahmad,mantan kaesang pangarep nadya arifta kini tengah disibukkan dengan usaha kuliner dan hijab yang sedang dijalaninya bagaiman
2022-10-21 02:19:50+00:00,PuspaSafna,earlier today i attended the 37th trade expo indonesia at ice bsd tangerang senang melihat antusiasme 795 peserta te
2022-10-21 02:18:48+00:00,nathmeong,ngobrol bareng raditya dika ditemani aktor komedian ichal kate sambil makan makan di kantin blauran cipete obrolan se
2022-10-21 02:18:47+00:00,detikcom,mantan kaesang pangarep nadya arifta kini tengah disibukkan dengan usaha kuliner dan hijab yang sedang dijalaninya bagaimana penampilan nadya kini
2022-10-21 02:17:24+00:00,drhaltekehalte,ngobrol bareng raditya dika ditemani aktor komedian ichal kate sambil makan makan di kantin blauran cipete obrolan seru membahas berbagai topik kuliner amp perjalanan singkat dhkh ini bisa halteman tonton di kanal youtube raditya dika di dhkh icipcipete
2022-10-21 02:12:11+00:00,ainoobeat,sekakura 2hr sp tayang 19 oktober 2022 potongan khusus bagian indonesia aja part 1 membahas mengenai spot kuliner
2022-10-21 02:11:46+00:00,jauzannoor,partner ghibah main dan kuliner terbaik memanglah ayang
2022-10-21 02:11:33+00:00,bellevoue,lumayan section yellow purple ada space buat bikin festival kuliner bango
2022-10-21 02:09:42+00:00,Simorang17Maria,pantjoran pik pusat kuliner food street
2022-10-21 02:09:02+00:00,SeptariniWidy,kerja di warung makan gt biarin aja suatu saat bisa jd bikin warung sndr 2 anak presiden jg usaha kuliner duit miliaran coey kerja ga hrs sesuai kuliah yg penting dinikmati abis pulang diem di kamar gt cape diomelin keluarga mulu piara kucing gt cuma meong yg ngerti perasaan dia
2022-10-21 02:08:29+00:00,taufikisti,lahan pakir thamrin 10 yang diubah tahun 2019 jadi pusat kuliner oleh anies thamrin 10 menjadi s
2022-10-21 02:08:00+00:00,indotelko,runchise aplikasi manajemen kuliner yang baru dapat seed funding indotelko
2022-10-21 02:07:38+00:00,jakarta_food,detikfood unik pemanggang makanan khas jepang ini bisa dibawa bawa
2022-10-21 02:04:39+00:00,ymipaw_paw,inovasi kuliner tsb juga ada manfaatnya untuk membuka ladang kerja baru sekiranya ndak berkenan dgn makanan aneh biarlah para penikmatnya aja yg maem
2022-10-21 02:04:38+00:00,ymipaw_paw,sebagai si lidah aneh apapun doyan amp penyuka olahan kezu aku fine aja dgn kuliner dicampur kezu mentai mayo moza matcha dll yg penting chefnya sudah bener riset amp trial error sampe nemu racikan yg pas
2022-10-21 02:04:37+00:00,ymipaw_paw,mau ndak mau suka ndak suka makin ke depan inovasi keunikan kuliner bakalan terus berjalan meski keliatannya ndak sesuai pakem aneh ra mashookk dicampur kezu seperti itu
2022-10-21 02:04:16+00:00,gito_ayet,saya sbg orang miskin yg tgl di hutan kalimantan sgt dekat dengan kuliner khas kami masyarakat dayak
2022-10-21 02:00:34+00:00,suarantbcom,mataram akan jadi kota kuliner
2022-10-21 02:00:01+00:00,wenwenwend,fess rencana sender mau ke jogja beli mie ayam ky gini namanya apa ya trs rekomendasiin sender kuliner wajib dicobain yg h
2022-10-21 01:57:25+00:00,kumpulanberit,punya tahu coklat bikin cemilan pakai resep ini modal rp3000 bisa jadi ide jualan
2022-10-21 01:56:40+00:00,fdhilahsptni,itu nyobain kuliner nusantara bango di bets nanti
2022-10-21 01:55:50+00:00,IndonesiaInADD,earlier today i attended the 37th trade expo indonesia at ice bsd tangerang senang melihat antusiasme 795 peserta te
2022-10-21 01:51:43+00:00,jktkerja,loker jakarta terbaru kelas offline karir supervisor amp outlet manager bisnis kuliner di lokerjakarta lowongankerjajakarta loker jakarta jabodetabek
2022-10-21 01:51:31+00:00,kaasih_,warga tebet perlu coba kuliner ini
2022-10-21 01:49:10+00:00,FOODFESS2,fess rencana sender mau ke jogja beli mie ayam ky gini namanya apa ya trs rekomendasiin sender kuliner wajib dicobain yg harganya msh ramah dikantong ya btw aku solo trip jd yg gampang dicari jg ya
2022-10-21 01:48:43+00:00,andhapasore,semangat jumat bandara international soekarno hatta soetta airport terminal tiga t3 cgk jakarta info penerbangan domestik informasi penumpang pesawat terbang citilink garuda indonesia boarding gate lounge kopi makanan minuman kuliner nusantara sisi
2022-10-21 01:41:15+00:00,Rin_naii,sekakura 2hr sp tayang 19 oktober 2022 potongan khusus bagian indonesia aja part 1 membahas mengenai spot kuliner
2022-10-21 01:39:57+00:00,DiskominfoPWK,mengakses informasi terkait berita kuliner serba serbi umkm hingga spot jalan jalan yang tidak ada habisnya terkait bumi priangan jawa barat dalam kegiatan launching ini pihak penyelenggara juga mengangkat sebuah tagar berisi matalokalmenjangkauindonesia
2022-10-21 01:39:34+00:00,AltanKhan404,bener tuh kak kali aja niat si adek kerja di resto karna dia mau buka usaha kuliner sendiri kan bisa aja dia lagi belajar soal seluk beluk sm manajemen usaha dlm bidang kuliner bukanya dibantu support malah dibikin serba salah gitu
2022-10-21 01:38:48+00:00,Bagasbeo06,rekomendasi kuliner di malang mulai dari 10 ribuan aja a thread
2022-10-21 01:35:21+00:00,detikfood,unik pemanggang makanan khas jepang ini bisa dibawa bawa
2022-10-21 01:34:15+00:00,PempekJOERAGAN,ingin punya usaha kuliner paling potensial saat ini kami mengusung konsep kuliner sehat higienis halal amp nikmat
2022-10-21 01:33:28+00:00,JOERAGANGroup,ingin punya usaha kuliner joeragan rasa paling dicari dijamin diburu pembeli yuk join kemitraan kami skrg
2022-10-21 01:32:04+00:00,NyiMasLombok,earlier today i attended the 37th trade expo indonesia at ice bsd tangerang senang melihat antusiasme 795 peserta te
2022-10-21 01:30:24+00:00,thevvorstone,coba kirim mf di foodfess siapa tau disana bnyak pengusaha dibidang kuliner
2022-10-21 01:28:27+00:00,nasiudukbumbu,kuliner di malang enak enak sih
2022-10-21 01:25:55+00:00,collegemenfess,kasih tips saran donggg gimana cari respondenn pengusaha kuliner dan batik di jawa tengah sender udah dikejar dospem kuesionerr nya masih dikit yg ngisii udah share ke sosial media datengin foodcourt gitu ngisi satu satu ke grup grup pkk kampus sekolah masih cont
2022-10-21 01:24:28+00:00,ryujineIle,boleh rekomendasiin aku kuliner yang keren gak
2022-10-21 01:24:17+00:00,kentomiyauraaa,yg odeng iya kalo saus kejunya kyk saus keju ricis nonton aja review dari mamank kuliner
2022-10-21 01:24:00+00:00,Martabak_LEGIT,investasi patungan kuliner martabak invest mulai dari 5 juta saham bagi hasil setara 100ribu bulan kontrak 2 thn join invest now
2022-10-21 01:23:34+00:00,ngopibareng_id,sate maranggi kuliner khas purwakerta yang terkenal di indonesia bahkan di dunia sate ini pernah jadi sajian presiden jokowi saat menjamu tamunya
2022-10-21 01:18:35+00:00,teloopendemm,partner ghibah main dan kuliner terbaik memanglah ayang
2022-10-21 01:17:46+00:00,lvnfei,mau share beberapa kuliner affordable yang menurut aku rasanya enak selama 1 bulan di malang
2022-10-21 01:16:17+00:00,sandyculinaire,kita ngobrol asik buat wujudin usaha kuliner km yuk
2022-10-21 01:14:47+00:00,KoranMercusuar,wali kota janjikan 100 lapak kuliner gratis
2022-10-21 01:12:27+00:00,miftach_dwi,earlier today i attended the 37th trade expo indonesia at ice bsd tangerang senang melihat antusiasme 795 peserta te
2022-10-21 01:08:29+00:00,Kecha154142642,siapa tau nanti juga sukses di bidang kuliner
2022-10-21 01:07:22+00:00,mingninja,ada yang sudah pernah ke vietnam atau coba kuliner yang namanya banh trang nuong kalau belum pernah ke vietnam cobain
2022-10-21 01:07:07+00:00,jakarta_food,detikfood biarkan anaknya minum es kopi ibu ini bikin netizen heran
2022-10-21 01:05:16+00:00,detikfood,biarkan anaknya minum es kopi ibu ini bikin netizen heran
2022-10-21 01:04:19+00:00,PempekJOERAGAN,investasi kuliner ala joeragan invest 25 jutaan cek infonya disini join skrg
2022-10-21 01:03:09+00:00,cursedbutloved,knp ya daerah unissula minim kuliner sdgkan undip banyak bgt kuliner yg enak bgd huhu aku iri bgtt
2022-10-21 01:00:19+00:00,putrawhisnu,lahan pakir thamrin 10 yang diubah tahun 2019 jadi pusat kuliner oleh anies thamrin 10 menjadi s
2022-10-21 01:00:00+00:00,tastemadeid,ada yang sudah pernah ke vietnam atau coba kuliner yang namanya banh trang nuong kalau belum pernah ke vietnam cobain kulinernya dulu aja
2022-10-21 00:58:48+00:00,tukismind,liburan gak cukup paling seminggu kurang pasti niat nyoba2 kuliner kan cafe hopping malam ngider clubbing siang ke tempat2 wisata
2022-10-21 00:56:16+00:00,sandyculinaire,mau konsultasi kuliner dan interior hari ini kontak kami aja ya kak
2022-10-21 00:55:45+00:00,thinkerbale,bisa keliling candi keraton malioboro kuliner jadul gitu museum kayaknya masih bannyak lagi
2022-10-21 00:54:36+00:00,rajodurian,rajo durian menyediakan produk kuliner durian yang berkualitas dan halal dengan harga terjangkau kuliner rajodurian
2022-10-21 00:50:09+00:00,irwan_iding,earlier today i attended the 37th trade expo indonesia at ice bsd tangerang senang melihat antusiasme 795 peserta te
2022-10-21 00:49:20+00:00,tuiternyamawar,wisata kuliner apa ya pagi gini
2022-10-21 00:47:57+00:00,putra9mulia,kalo dari pola makan dia yang biasa memang ga ada defisit kalori karena dia kembali ke pola makan lama jadi gak berasa lagi diet misalkan kita abis wisata kuliner seminggu naik berat badan pas pulang balik ke pola makan biasa turun berat badan padahal gak diet
2022-10-21 00:46:28+00:00,theresce,hai puprethlings namaku cendrine theresia dalila biasa dipanggil cendrine atau cece lahir di munich jerman tahun 1997 blasteran jerman papa indonesia mama pekerjan model enfj t hobi nyanyi jalan jalan dan wisata kuliner aku suka makan sushi salam kenal ya
2022-10-21 00:43:04+00:00,Rachmati2,lahan pakir thamrin 10 yang diubah tahun 2019 jadi pusat kuliner oleh anies thamrin 10 menjadi s
2022-10-21 00:41:37+00:00,offisyelstore,kuliner wajib lah ya hehehe
2022-10-21 00:41:11+00:00,AkbarYoso,lahan pakir thamrin 10 yang diubah tahun 2019 jadi pusat kuliner oleh anies thamrin 10 menjadi s
2022-10-21 00:40:41+00:00,susidiansafitri,lahan pakir thamrin 10 yang diubah tahun 2019 jadi pusat kuliner oleh anies thamrin 10 menjadi s
2022-10-21 00:36:09+00:00,FernaldyRizky11,hidangan tradisional yaman mandi semakin populer di kalangan pecinta kuliner semakin banyak restoran menawarkan kelezatan
2022-10-21 00:35:51+00:00,FernaldyRizky11,dari pagi hingga malam hari bandung menawarkan pilihan kuliner menarik selera jika ingin hangatkan badan pada waktu malam
2022-10-21 00:35:49+00:00,FernaldyRizky11,mengantar makanan untuk pelanggan pengemudi ojek online ini diberi rating rendah alasannya karena dinilai tak sopan gegara
2022-10-21 00:35:06+00:00,auroraee_qiyz,halo saya eleanor lynelle hobi saya apa ya wisata kuliner dan selfie tentunya
2022-10-21 00:35:01+00:00,FernaldyRizky11,salt bae jadi sensasi di internet usai gaya menabur garamnya viral segini daftar kekayaan terbaru salt bae termasuk jumlah
2022-10-21 00:34:58+00:00,FernaldyRizky11,menetap di bali rumah pasangan nana mirdad dan andrew white berkonsep unik dapurnya menggunakan ruangan terbuka yang langsu
2022-10-21 00:34:47+00:00,FernaldyRizky11,selain mie kini ada juga bihun instan yang dilengkapi bumbu kenikmatannya pun banyak diakui oleh netizen yang pernah mencob
2022-10-21 00:34:22+00:00,liltoothfairyy,purple kyaknya bisa berubah fungsi jadi festival kuliner jajanan b ngo
2022-10-21 00:34:15+00:00,PempekJOERAGAN,investasi resto kuliner joeragan paling diminati saat ini prodpektif dan potensial join
2022-10-21 00:32:35+00:00,FernaldyRizky11,demi menghidupi keluarganya banyak orang yang rela bekerja keras salah satunya menjadi pengantar makanan dengan tantangan y
2022-10-21 00:32:33+00:00,FernaldyRizky11,tiktoker mengungkapkan harga makanan di papua dan solo yang ternyata berbeda beberapa kali lipat ia tercengang ketika membay
2022-10-21 00:32:23+00:00,_DCLXVI___,ya ga kenapa2 menentukan pilihan hidupnya sendiri ko gaboleh ga ngerugiin org lain juga lagian kalau lulusan ptn terbaik gaboleh ya kerja di warung makan bisa jadi itu langkah awal atau sarana belajar dia untuk terjun ke bisnis kuliner suatu saat nnti setidaknya rispekk
2022-10-21 00:32:05+00:00,FernaldyRizky11,makanan di india sering viral karena tak higienis mulai dari potongan ayam goreng yang dikerumuni lalat hingga roti siap jua
2022-10-21 00:31:34+00:00,FernaldyRizky11,makanan indonesia kembali memikat lidah youtuber korea karena kelezatannya youtuber ini cicipi nasi goreng dan bakso goreng
2022-10-21 00:30:23+00:00,george62435939,lahan pakir thamrin 10 yang diubah tahun 2019 jadi pusat kuliner oleh anies thamrin 10 menjadi s
2022-10-21 00:27:49+00:00,Repaksi1,lahan pakir thamrin 10 yang diubah tahun 2019 jadi pusat kuliner oleh anies thamrin 10 menjadi s
2022-10-21 00:27:36+00:00,Ngambis22_,biarpun sederhana tetapi kuliner gerobak begitu istimewa moms mana nih menu favoritmu coba tulis di bawah kimbo be
2022-10-21 00:23:56+00:00,FernaldyRizky11,cara warga kadingeh kecamatan baraka kabupaten enrekang sulawesi selatan sulsel mengolah katak besar atau todan jadi san
2022-10-21 00:22:10+00:00,rin_rama_wija,1 green hills shopping centre tempat perbelanjaan yang lengkap harganya murah dan bisa ditawar 2 fort santiago benteng bersejarah untuk filipina pada saat penjajahan spanyol 3 quiapo tempat wisata kuliner halal otentik filipina mau coba halo halo operkoper
2022-10-21 00:22:01+00:00,stillwithkazuha,lah hansol bandung gw pengen kuliner pedes sebenernya tp gaboleh ama dokter
2022-10-21 00:18:20+00:00,GeniHaq,lahan pakir thamrin 10 yang diubah tahun 2019 jadi pusat kuliner oleh anies thamrin 10 menjadi s
2022-10-21 00:17:04+00:00,lemonedoo_,hoooo sekakura malam ini ada bahas tongkat buat kartu tol dari indonesia trus jesse disuruh nebak buat apa dan doi jawab
2022-10-21 00:15:40+00:00,nanagraphy,rekomendasi kuliner di malang mulai dari 10 ribuan aja a thread
2022-10-21 00:14:32+00:00,Senji28,lahan pakir thamrin 10 yang diubah tahun 2019 jadi pusat kuliner oleh anies thamrin 10 menjadi s
2022-10-21 00:09:06+00:00,IKBrand,kuliner arab merupakan bagian dari akulturasi budaya arab indonesia seperti halnya kuliner cina yang mempengaruhi kuliner nusantara
2022-10-21 00:06:50+00:00,yuris_tia30,mau seh nyobain kuliner hsl ank presdn tp di jkt dimna ngab klo tau bsa tunjukin
2022-10-21 00:06:31+00:00,qaylasynta,partner ghibah main dan kuliner terbaik memanglah ayang
2022-10-21 00:03:55+00:00,AltanKhan404,iya heran dahh orang2 makin ke sini makin dikit banget rasa syukurnya padahal kalo liat kondisi lagi inflasi resesi di mana orang2 susah dapet kerjaan bukanya disyukuri dulu tapi malah diomelin kali aja si adek sender itu lagi belajar buka bisnis kuliner atau manajemen nya kn
2022-10-21 00:03:30+00:00,JOERAGANGroup,info peluang usaha kuliner joeragan disini infonya gt
2022-10-20 23:56:17+00:00,Aab08727847Aab,lahan pakir thamrin 10 yang diubah tahun 2019 jadi pusat kuliner oleh anies thamrin 10 menjadi s
2022-10-20 23:54:34+00:00,rajodurian,rajo durian juga melayani pemesanan durian dengan pengiriman ke seluruh indonesiadalam jumlah partai kecil menengah dan besar kuliner rajodurian
2022-10-20 23:53:11+00:00,undipmenfess,dips kuliner buat sarapan di daerah semarang bawah apa ya
2022-10-20 23:51:25+00:00,DpkForexs,lahan pakir thamrin 10 yang diubah tahun 2019 jadi pusat kuliner oleh anies thamrin 10 menjadi s
2022-10-20 23:49:33+00:00,manggala2019,lahan pakir thamrin 10 yang diubah tahun 2019 jadi pusat kuliner oleh anies thamrin 10 menjadi s
2022-10-20 23:49:03+00:00,jawapos,5 kafe magelang instagramable dan kekinian harga daya tarik lokasi
2022-10-20 23:41:17+00:00,dapurmlizajogja,monggo lur biar kenal lebih dekat ikuti semua akun sosmed kami info info promo kabeh jogja maguwoharjo kalasan sleman yogyakarta jogjakarta kuliner jogja kuliner yogya kuliner jogjakarta kuliner yogyakarta
2022-10-20 23:40:13+00:00,InvesJamurJabon,ayo warga bekasi mampir ke jl ra kartini no 1 depan masjid el muwahhidin ada jajanan martabak joeragan kuliner khas bandung yg ajiiib
2022-10-20 23:36:55+00:00,Dhika63168489,lahan pakir thamrin 10 yang diubah tahun 2019 jadi pusat kuliner oleh anies thamrin 10 menjadi s
2022-10-20 23:32:43+00:00,jekarka,bisa tuh jadi salah satu jenis pariwisata selama ini kan kita punya wisata kuliner wisata alam wisata religius nah sekarang kita buat paket wisata pungli mengunjungi tempat2 yang banyak punglinya
2022-10-20 23:24:32+00:00,merdekadotcom,nagita slavina happy banget bisa mencicip aneka kuliner di korea selatan ini fotonya
2022-10-20 23:24:01+00:00,Martabak_LEGIT,investasi kuliner legendaris martabak legit group investasi 1 gerai 100juta bagi hasil 2juta bulan join now
2022-10-20 23:17:35+00:00,hobijustmyhope,gw suka korsel karena pen nyobain makanannya kek makanannya enak banget anjing pliss mau wisata kuliner kesana aaaaa
2022-10-20 23:15:51+00:00,Ary4k4m4nd4nu,lahan pakir thamrin 10 yang diubah tahun 2019 jadi pusat kuliner oleh anies thamrin 10 menjadi s
2022-10-20 23:11:12+00:00,tapa_iman,lahan pakir thamrin 10 yang diubah tahun 2019 jadi pusat kuliner oleh anies thamrin 10 menjadi s
2022-10-20 23:05:01+00:00,aidabasri22,best kuliner di sana teringat lenggong hampir saja dengan venue tapau fest
2022-10-20 23:04:33+00:00,BisBanNews,jelajahi kuliner bandung mencoba batagor bandung legendaris kota bandung merupakan kota yang terkenal dengan kuliner salah satu gerai makanan yang sudah terkenal dari dulu menjual batagor bandung
2022-10-20 23:01:33+00:00,indonesiagenxyz,surganya kuliner di melaka untuk dinikmati generasi xyz updateblog heymyblog
2022-10-20 22:58:35+00:00,WahyudiRashyd,lahan pakir thamrin 10 yang diubah tahun 2019 jadi pusat kuliner oleh anies thamrin 10 menjadi s
2022-10-20 22:51:43+00:00,wheresputrr,kalo yang mau tendaan cobain di kampung kuliner cilandak sm nasi bebek ibu yuyun di pondok gede kl mau yang resto cobain bebek cetarnya kaleyo
2022-10-20 22:49:37+00:00,AminH42671425,lahan pakir thamrin 10 yang diubah tahun 2019 jadi pusat kuliner oleh anies thamrin 10 menjadi s
2022-10-20 22:44:16+00:00,SigitWtj,earlier today i attended the 37th trade expo indonesia at ice bsd tangerang senang melihat antusiasme 795 peserta te
2022-10-20 22:41:35+00:00,ZidanAnanda111,ayo nder mutualan 1 convo builder 2 kalo kamu engga bisa baca maps di google pas lagi di mobil aku gak marah 3 aku punya list tempat kuliner yang mau aku datengin jadi engga bingung mau makan apa 4 aku punya beberapa tempat favorit buat ngedate 5 aku bisa adaptasi
2022-10-20 22:39:19+00:00,TerasCihampeIas,teras cihampelas terascihampeias dilengkapi berbagai zona salah satunya yakni spot kuliner terascihampelas
2022-10-20 22:38:25+00:00,Covid1925299985,lahan pakir thamrin 10 yang diubah tahun 2019 jadi pusat kuliner oleh anies thamrin 10 menjadi s
2022-10-20 22:34:47+00:00,arfanmws,gaiss spill destinasi wisata kuliner dll yg recommended di jogja dong
2022-10-20 22:34:15+00:00,PempekJOERAGAN,kuliner paling ajip pempekjoeragan rasa gurih dan nikmat dipadu dgn cuko yang kental manis amp pedas dijamin pool
2022-10-20 22:30:11+00:00,Tiesna73,5 kuliner cirebon yang tak ada di kota lain apa sajakah itu
2022-10-20 22:18:39+00:00,TediSuryana4,lahan pakir thamrin 10 yang diubah tahun 2019 jadi pusat kuliner oleh anies thamrin 10 menjadi s
2022-10-20 22:17:32+00:00,darman_surjadi,lahan pakir thamrin 10 yang diubah tahun 2019 jadi pusat kuliner oleh anies thamrin 10 menjadi s
2022-10-20 22:15:11+00:00,sitimarkanah,selamat hari kamis manis buat kalian pecinta kuliner mimin mau tebak tebakan dong ini makanan khas semarang brosis
2022-10-20 22:14:49+00:00,elvetica46,hoooo sekakura malam ini ada bahas tongkat buat kartu tol dari indonesia trus jesse disuruh nebak buat apa dan doi jawab
2022-10-20 22:12:40+00:00,haloonoviay,rekomendasi kuliner di malang mulai dari 10 ribuan aja a thread
2022-10-20 22:09:45+00:00,yogyaforsale,18 bandung kota kuliner menginap di saidah guest house hotel di bandung yang murah dan bersih dan nyaman bandung
2022-10-20 22:06:32+00:00,anisa_larasanti,wishlisttt ngiler bgt sama kuliner bangkok
2022-10-20 22:05:02+00:00,AprianurSucian3,lahan pakir thamrin 10 yang diubah tahun 2019 jadi pusat kuliner oleh anies thamrin 10 menjadi s
2022-10-20 21:57:41+00:00,SOSjiel,nama fans untuk j l is jlstar 15 february 1994 hobby menggambar ng game kuliner jalan jalan main permainan ekstrem dan tidur
2022-10-20 21:57:25+00:00,Qurnia87,jalan ke jogja berburu kuliner pameran lukisan amp jelajah museum deh sendirian hanya bersama samsung galaxy yg setia menemaniku inilah caraku self healing terbaik jogja itu asik berserakan wiskul enak amp friendly di kantong bestmomentoflife samsungbestmoment
2022-10-20 21:55:41+00:00,lokergoID,lowongan kerja loker lowongan kerja jakarta pt roket kuliner indonesia loker kitchen crew
2022-10-20 21:53:25+00:00,qiarasilva,lahan pakir thamrin 10 yang diubah tahun 2019 jadi pusat kuliner oleh anies thamrin 10 menjadi s
2022-10-20 21:52:24+00:00,id3nesia,twitter please do your magic berjuang pertahankan karyawan tanpa turunkan gaji di masa wabah covid19 buat tem
2022-10-20 21:26:18+00:00,tengkudolly12,lahan pakir thamrin 10 yang diubah tahun 2019 jadi pusat kuliner oleh anies thamrin 10 menjadi s
2022-10-20 21:24:01+00:00,Martabak_LEGIT,telah hadir kuliner favorit warga bandung di cikarang utara martabak legit group mangga mampir di jl pilar
2022-10-20 21:13:16+00:00,RumaJamurBDG,para pemburu kuliner khas bandung wajib mencoba camilan terbaru kami moyster dari olahan jamur tiram segar sehat yummy n kranchy
2022-10-20 21:06:07+00:00,detik_sulsel,13 makanan khas maluku yang kaya rasa dan rempah
2022-10-20 21:00:01+00:00,LadiestoryID,umkm berperan besar terhadap pemulihan ekonomi nasional di masa pandemi covid 19 guna menghadapi tantangan pandemi dan untuk dapat terus bertahan tercatat 83 persen umkm mengandalkan digitalisasi dalam menjalankan usahanya
2022-10-20 20:56:59+00:00,gojousadtoru,rekomendasi kuliner di malang mulai dari 10 ribuan aja a thread
2022-10-20 20:45:57+00:00,lhayesno,kabar gembira buat pecinta kuliner hora halal di wilayah semarang
2022-10-20 20:44:02+00:00,Claudya2903,sekakura 2hr sp tayang 19 oktober 2022 potongan khusus bagian indonesia aja part 1 membahas mengenai spot kuliner
2022-10-20 20:43:44+00:00,Claudya2903,hoooo sekakura malam ini ada bahas tongkat buat kartu tol dari indonesia trus jesse disuruh nebak buat apa dan doi jawab
2022-10-20 20:23:58+00:00,sudutruangg,dan bakar duit itu bukan cuma kalau ngga ada bakar duit ongkir gofood ngga murah kalau ongkir
2022-10-20 20:19:02+00:00,Harian_Jogja,jogja hujan coba cicipi rekomendasi kuliner berikut untuk menghangatkan tubuh beritajogja jogja jogjaistimewa
2022-10-20 20:15:56+00:00,FacktaWaw,tahukah anda kuliner orang sunda jawa barat sebanyak 65 persen nya berbahan tumbuh tumbuhan
2022-10-20 20:06:36+00:00,oprachapile,sesekali kita hrs keluar main nonton konser jalan sore ujan an trus neduh di warkop sambil cerita liat citylight kuliner night ke museum ke toko buku ke toko bunga foto ngelukis diem dibukit dijam 4 6 sambil dengerin musik atau akustikan jalan pagi nongkrong di cafe seru kayanya
2022-10-20 19:55:29+00:00,kulineranjogja,sleman creative week 21 23 oktober 2022 sleman creative space taman kuliner condong catur yuk reservasi sekarang di
2022-10-20 19:55:19+00:00,detikcom,lembut hangat siomay dimsum dan siomay bandung tak bisa dilupakan ternyata kedua makanan ini punya perbedaan simak perbedaannya ini agar tak keliru
2022-10-20 19:31:05+00:00,FernaldyRizky11,food affair with mark wiens menguak pengalaman seru kulineran di singapura
2022-10-20 19:05:51+00:00,myjjaksarang,padahal video kuliner india yg sering muncul itu gak bersih cara ngleyaninnya tapi kenapa gue tetep tonton dah
2022-10-20 19:00:07+00:00,AdeCand65866045,lahan pakir thamrin 10 yang diubah tahun 2019 jadi pusat kuliner oleh anies thamrin 10 menjadi s
2022-10-20 18:52:12+00:00,samacksamakk,mz menuz mau bikin buku kuliner tur gak kelar2 nih
2022-10-20 18:51:29+00:00,rentultull,aduh pengen ngerasain juga deh kuliner spagettie ganjaranapp ganjarkita
2022-10-20 18:47:59+00:00,todayis_zea,next kuliner kesini yuuukk
2022-10-20 18:43:57+00:00,Clstamtra,kemenparekraf resmikan dua gerai kuliner indonesia di malaysia
2022-10-20 18:41:41+00:00,CpointWisata,inilah pilihan tempat wisata kuliner di kebumen yang wajib anda coba
2022-10-20 18:40:17+00:00,InvesJamurJabon,punya deposito di bank bunga 7 tahun kena adm inflasi cukup join investas kuliner bagi hasil bulanan setara 2 bulan mau join
2022-10-20 18:24:37+00:00,rajodurian,hayooo gabung dengan rajo durian management di usaha dagang kuliner buah durian si raja buah kuliner rajodurian
2022-10-20 18:20:03+00:00,yousuffer__,dari jaman masih di gerobakan skrg udah buka ruko itupun langsung 2 ruko kualitas rasa sm sambelnya yg gk pernah ada lawan salah satu kuliner yg wajib di coba kalo lg di solo
2022-10-20 18:09:37+00:00,LVIFIFTYSIX,sekakura 2hr sp tayang 19 oktober 2022 potongan khusus bagian indonesia aja part 1 membahas mengenai spot kuliner
2022-10-20 18:06:01+00:00,detik_sulsel,cara daftar shopeefood untuk driver dan pemilik bisnis kuliner secara online
2022-10-20 18:05:51+00:00,Orenjii_dom,piknik kuliner nusantara sambil maen assa hongsam siapa tau ada member yg mau ikutan
2022-10-20 18:05:08+00:00,Thomass90392754,lahan pakir thamrin 10 yang diubah tahun 2019 jadi pusat kuliner oleh anies terus yg berkunjung kuliner an parkir dimana di trotoar di jalan di gedung sekitar itu namanya cuma mindahin masalah bukan menyelesaikan masalah itu orang bodoh yg bikin kebijakan
2022-10-20 18:04:35+00:00,selleyishere,byk kuliner enak
2022-10-20 18:04:02+00:00,DenmarkTriads,riil mint rasanya seperti jelajah kuliner ala chef bondan
2022-10-20 18:00:10+00:00,BEA___________N,besok aja ketika agendakan kuliner malam
2022-10-20 17:59:01+00:00,bagusdiky_,nek kuliner ngajak
2022-10-20 17:54:42+00:00,Orenjii_dom,wah thank you kak sekalian jajan kuliner nusantara yah
2022-10-20 17:53:57+00:00,risfanzulian,mamank kuliner si musuh umkm nder
2022-10-20 17:51:41+00:00,mrtaufik19,lahan pakir thamrin 10 yang diubah tahun 2019 jadi pusat kuliner oleh anies thamrin 10 menjadi s
2022-10-20 17:46:16+00:00,ranselio,jadi kangen banget ama kuliner thai
2022-10-20 17:45:06+00:00,tanyarlfes,kuliner bogoor yuk bsk f
2022-10-20 17:37:37+00:00,maamaavv,partner ghibah main dan kuliner terbaik memanglah ayang
2022-10-20 17:31:33+00:00,BaksoJOERAGAN,ingin punya usaha kuliner joeragan rasa paling dicari dijamin diburu pembeli yuk join kemitraan kami skrg
2022-10-20 17:30:55+00:00,Subhan76814326,lahan pakir thamrin 10 yang diubah tahun 2019 jadi pusat kuliner oleh anies thamrin 10 menjadi s
2022-10-20 17:28:11+00:00,radenmasdimas__,ketika banyak hal yg ingin ditangisi sa selalu ingat bahwa lebih banyak kuliner yg belum sa coba leh karena itu ketika stress bukannya tambah kurus justru tambah mbledhing kawan sudahi sedihmu mari madyang bersamaku
2022-10-20 17:27:40+00:00,uzdaahhraa,ini korean food deket taman kuliner uny bukan si yang punya orang korea asli
2022-10-20 17:25:01+00:00,rizelcchi_,nasgor luar negeri warnanya putih anjgg kaga pake kecap sungguh sejak saat itu gua menganggap kuliner sini jauh lebih unggul banding luar
2022-10-20 17:14:39+00:00,sandiuno,makan dan minuman adalah kebutuhan dasar manusia jadi menurut saya kuliner bukan lagi sekadar kebutuhan tapi sudah menjadi gaya hidup saya harap pabrik air minum dari desa tenjolaya ini dapat terus bergerak ikut membangkitkan ekonomi nasional
2022-10-20 17:12:44+00:00,cadisfreecss,main sama temen jalan kuliner dll
2022-10-20 17:12:07+00:00,masherpova,lahan pakir thamrin 10 yang diubah tahun 2019 jadi pusat kuliner oleh anies thamrin 10 menjadi s
2022-10-20 17:05:35+00:00,AbaAbdirrahim,lahan pakir thamrin 10 yang diubah tahun 2019 jadi pusat kuliner oleh anies thamrin 10 menjadi s
2022-10-20 16:57:20+00:00,beingdyarayu,mulai dari hidangan thailand malaysia sampai vietnam semua ada
2022-10-20 16:56:43+00:00,achmadBINrokhim,first the time nginjekin kaki di kalimantan info kuliner kalcer balikpapan
2022-10-20 16:49:44+00:00,cageunbyeol,hoooo sekakura malam ini ada bahas tongkat buat kartu tol dari indonesia trus jesse disuruh nebak buat apa dan doi jawab
2022-10-20 16:46:04+00:00,m3gaIomaniac,tbh yjh udah dikasi hint sama pacarnya kalo mami mertua suka kuliner jd yahh deketinnya gampang kl soal makanan mah
2022-10-20 16:43:43+00:00,bdaiipstiblalu,tak kasih info hiburan dan jajanan kuliner
2022-10-20 16:43:05+00:00,escobranyusss,top story romantisnya ricky subagja dan istri saat ngeteh hingga nongkrong di bali see more
2022-10-20 16:43:01+00:00,woohiterose,aplg malem banyak kuliner sekitar dkt mall juga wkwk
2022-10-20 16:41:05+00:00,matajalanraya,lahan pakir thamrin 10 yang diubah tahun 2019 jadi pusat kuliner oleh anies thamrin 10 menjadi s
2022-10-20 16:40:14+00:00,InvesJamurJabon,ingin punya resto kuliner joeragangroup di bandung dibuka kemitraan amp investasi utk lokasi bdg join skrg
2022-10-20 16:38:50+00:00,veetalone,hoooo sekakura malam ini ada bahas tongkat buat kartu tol dari indonesia trus jesse disuruh nebak buat apa dan doi jawab
2022-10-20 16:38:48+00:00,KiTunggak,kuliner warung makan kesayangan anda klik warung pak tani jalan raya kediri kertosono ds minggiran papar kediri jawa timur
2022-10-20 16:38:43+00:00,MartabaJoeragan,cari kuliner pempek enak di bdg mampir ke pempekjoeragan dijamin ketagihan free wifi juga mantaf gan y
2022-10-20 16:36:11+00:00,chikofortunes,reff kuliner sby dr ko sop buntut elmi coto makassar peneleh bebek palupi
2022-10-20 16:35:33+00:00,jogjamnfs,rekomendasi kuliner malam deket tamsis jog
2022-10-20 16:33:44+00:00,vexyvhalent,racun tiktok kuliner jaksel emg jempol sih
2022-10-20 16:31:38+00:00,aprodhit_a,aaaa ini yg prnh aku starred message kpn y aku sempat kuliner n main sprti dulu lg
2022-10-20 16:30:36+00:00,kerumunan,hoooo sekakura malam ini ada bahas tongkat buat kartu tol dari indonesia trus jesse disuruh nebak buat apa dan doi jawab
2022-10-20 16:29:46+00:00,_petikemas_,sekakura 2hr sp tayang 19 oktober 2022 potongan khusus bagian indonesia aja part 1 membahas mengenai spot kuliner
2022-10-20 16:29:32+00:00,_petikemas_,hoooo sekakura malam ini ada bahas tongkat buat kartu tol dari indonesia trus jesse disuruh nebak buat apa dan doi jawab
2022-10-20 16:27:27+00:00,0xejaemuddyin,lahan pakir thamrin 10 yang diubah tahun 2019 jadi pusat kuliner oleh anies thamrin 10 menjadi s
2022-10-20 16:25:12+00:00,HanPeWe,ini jenis kuliner forever young jika kamu rutin makan ini maka kamu tidak akan pernah tua alias mati muda karena kole
2022-10-20 16:11:08+00:00,Midun_FC24,lahan pakir thamrin 10 yang diubah tahun 2019 jadi pusat kuliner oleh anies thamrin 10 menjadi s
2022-10-20 16:10:08+00:00,InvesJamurJabon,investasi resto kuliner joeragan paling diminati saat ini prospektif dan potensial join
2022-10-20 16:07:15+00:00,muhamma68100719,lahan pakir thamrin 10 yang diubah tahun 2019 jadi pusat kuliner oleh anies thamrin 10 menjadi s
2022-10-20 16:06:12+00:00,Ilfanilyas59,tak kasih info hiburan dan jajanan kuliner
2022-10-20 16:05:14+00:00,banyakinkuah,tak kasih info hiburan dan jajanan kuliner
2022-10-20 16:05:04+00:00,AkhmadDimyati13,lahan pakir thamrin 10 yang diubah tahun 2019 jadi pusat kuliner oleh anies thamrin 10 menjadi s
2022-10-20 16:03:55+00:00,GanefWahidin,perkenalkan ini mr ben warga amerika serikat yang sudah 5 tahun berbisnis kopi di indonesia saya bertemu dengannya di kota
2022-10-20 16:01:34+00:00,infojogja,tak kasih info hiburan dan jajanan kuliner
2022-10-20 16:00:02+00:00,kancutkyllie,jln menjelajahi kuliner sawunggaling
2022-10-20 15:59:06+00:00,kompasiana,soto pasar senggol icon kuliner kota tegal
2022-10-20 15:58:35+00:00,Tri_BukitMenore,lahan pakir thamrin 10 yang diubah tahun 2019 jadi pusat kuliner oleh anies thamrin 10 menjadi s
2022-10-20 15:58:06+00:00,BatamPos,hadiri bazar kuliner central bertabur hadiah tanpa diundi
2022-10-20 15:55:26+00:00,PrincesssAzulaa,balik lg dah order kuliner onlen ke gojek sm grab
2022-10-20 15:55:06+00:00,mjmyungjunn,ga kerasa sebentar lagi udah mau berganti tahun udah banyak yg mulai liburan lagi tahun baruan enaknya sih berlibur ke band
2022-10-20 15:54:30+00:00,Ndoro68295960,lah biasa aja kuliner itu dinamis yg original pun akan ter preserve juga makanan tradisional banyakan juga aslinya hasil modifikasi kok skali lagi kuliner itu dinamis
2022-10-20 15:50:57+00:00,Araghutama,kontek kuliner di fesbuk emang bikin laper
2022-10-20 15:48:44+00:00,audialifia,wah harus diajak mie bangka ngga sih kuliner khas tangsel apa bawa ke rumah lo aja tar sekalian kita bukber di mesjid
2022-10-20 15:46:25+00:00,dmrsuka,cara memasak garang asem ikan bandeng foods vlog indonesia kuliner jakarta bandung wisata
2022-10-20 15:42:00+00:00,KangLex_,kuliner sini tuh kalau gak nambahin keju ke makanan rakyat bikin makanan yang pedasnya berlevel level atau bikin makanan minuman yang kelewat manis
2022-10-20 15:35:46+00:00,lelanur09,partner ghibah main dan kuliner terbaik memanglah ayang
2022-10-20 15:35:28+00:00,Ariton19Info,pt esb tawarkan digital terintegrasi untuk membantu pertumbuhan umkm kuliner via berita
2022-10-20 15:34:50+00:00,intandewi_99,safari kuliner sambil dengerin lagu konser
2022-10-20 15:33:33+00:00,fat_beast13,jajanan bango gak tuuuuhhhh kuliner pasar lama gua rasa boleh join
2022-10-20 15:31:21+00:00,NRETWIT,monggo makan mie jowo kuliner makan resep jakarta bandung semarang jogja solo surabaya
2022-10-20 15:28:57+00:00,andiammulia8,lahan pakir thamrin 10 yang diubah tahun 2019 jadi pusat kuliner oleh anies thamrin 10 menjadi s
2022-10-20 15:27:11+00:00,GenGaruda45,lahan pakir thamrin 10 yang diubah tahun 2019 jadi pusat kuliner oleh anies thamrin 10 menjadi s
2022-10-20 15:26:04+00:00,akusayangsebong,jadi wisata kuliner ya jatohnya
2022-10-20 15:25:05+00:00,tribunjogja,bazar hingga pameran kuliner meriahkan hut ke 80 smpn 1 purworejo
2022-10-20 15:24:19+00:00,diendoubleu,sebongnya ditengah2 konser ditinggal gara2 nyangkut d stand kuliner
2022-10-20 15:22:17+00:00,PDI_Perjuangan,media pintar perjuangan memiliki fitur yang bernama pasar gotong royong yang didalamnya terdapat beberapa produk diantaranya produk fashion kuliner kriya dan produk jasa
2022-10-20 15:20:56+00:00,Fahriza16297408,lahan pakir thamrin 10 yang diubah tahun 2019 jadi pusat kuliner oleh anies thamrin 10 menjadi s
2022-10-20 15:18:05+00:00,Respati_kiran,soal kuliner aku lebih cocok chinese food ketimbang korean meski sebenarnya lebih bakal hepi kalo makan nasi pecel contong pake rempeyek apalagi kalo daun yg dipake bungkus daun jati alamaaaaak sedap
2022-10-20 15:16:00+00:00,Fauzan_Syahbana,hoooo sekakura malam ini ada bahas tongkat buat kartu tol dari indonesia trus jesse disuruh nebak buat apa dan doi jawab
2022-10-20 15:15:45+00:00,diendoubleu,tp d sg aku view genteng kalo di jkt besok view nya stand kuliner kayaknya
2022-10-20 15:15:39+00:00,ganesha_maghe,sangkuriang wes dadi kuliner khas jogja den hidup pir
2022-10-20 15:14:37+00:00,detikcom,hidangan tradisional yaman mandi semakin populer di kalangan pecinta kuliner semakin banyak restoran menawarkan kelezatan masakan arab itu
2022-10-20 15:12:48+00:00,detikcom,dari pagi hingga malam hari bandung menawarkan pilihan kuliner menarik selera jika ingin hangatkan badan pada waktu malam coba mampir ke sekoteng bangkok
2022-10-20 15:11:25+00:00,detikcom,mengantar makanan untuk pelanggan pengemudi ojek online ini diberi rating rendah alasannya karena dinilai tak sopan gegara hal sepele ini
2022-10-20 15:10:27+00:00,mayumiluna,malah dadi bazar kuliner
2022-10-20 15:09:19+00:00,AldhiTR,ini kenapa malam malam scroll scroll ig yang muncul kuliner babi semua
2022-10-20 15:07:11+00:00,jakarta_food,detikfood romantisnya ricky subagja dan istri saat ngeteh hingga nongkrong di bali
2022-10-20 15:06:09+00:00,davenirvana,hoooo sekakura malam ini ada bahas tongkat buat kartu tol dari indonesia trus jesse disuruh nebak buat apa dan doi jawab
2022-10-20 15:05:54+00:00,detikfood,romantisnya ricky subagja dan istri saat ngeteh hingga nongkrong di bali
2022-10-20 15:05:48+00:00,sabtuakandatang,partner ghibah main dan kuliner terbaik memanglah ayang
2022-10-20 15:03:42+00:00,wannafigh,awaa mel nanti ada gerobak2 kuliner tradisional pada tiba2 mangkal depan rumah
2022-10-20 15:03:36+00:00,detikcom,salt bae jadi sensasi di internet usai gaya menabur garamnya viral segini daftar kekayaan terbaru salt bae termasuk jumlah restoran yang dia miliki
2022-10-20 15:02:50+00:00,conangitis,sekakura 2hr sp tayang 19 oktober 2022 potongan khusus bagian indonesia aja part 1 membahas mengenai spot kuliner
2022-10-20 15:02:12+00:00,Taula_,jadi dahulu kala ada group peler pecinta kuliner
2022-10-20 15:01:40+00:00,detikcom,menetap di bali rumah pasangan nana mirdad dan andrew white berkonsep unik dapurnya menggunakan ruangan terbuka yang langsung menghadap ke halaman yang sejuk ini potretnya
2022-10-20 15:01:31+00:00,nadhif_almira,this one ini dagangan aku namanya mie pedas chili oil tersedia varian manis amp asin ada level 1 2 amp 3 har
2022-10-20 15:00:03+00:00,conangitis,hoooo sekakura malam ini ada bahas tongkat buat kartu tol dari indonesia trus jesse disuruh nebak buat apa dan doi jawab
2022-10-20 15:00:00+00:00,RUSWI3,lahan pakir thamrin 10 yang diubah tahun 2019 jadi pusat kuliner oleh anies thamrin 10 menjadi s
2022-10-20 14:59:49+00:00,detikcom,selain mie kini ada juga bihun instan yang dilengkapi bumbu kenikmatannya pun banyak diakui oleh netizen yang pernah mencoba ternyata ini bumbu rahasianya
2022-10-20 14:58:00+00:00,bino_media,rekomendasi tempat kuliner legendaris di indonesia klik link dibawah untuk baca berita selengkapnya kuliner kulinerlegendaris kulinerindonesia
2022-10-20 14:57:54+00:00,catatan_kuliner,jangan lupa masukin buat whislist besok weekend ya seumberurip lumajang
2022-10-20 14:57:51+00:00,catatan_kuliner,cuma ngingetin sebentar lagi udah mau weekend ya frend nusa lembongan
2022-10-20 14:57:48+00:00,catatan_kuliner,pantai bercak pacitan
2022-10-20 14:57:44+00:00,catatan_kuliner,sendu syahdu tapi selalu bikin candu telaga kumpe cilongok
2022-10-20 14:57:42+00:00,catatan_kuliner,siapa yang udah janji mau ngajakin muncak terus ga jadi jadi gunung merbabu via suwanting indah
2022-10-20 14:55:38+00:00,RMuhammadAli1,lahan pakir thamrin 10 yang diubah tahun 2019 jadi pusat kuliner oleh anies thamrin 10 menjadi s
2022-10-20 14:53:05+00:00,everydayisevd,yang bersiap ke bangkok selamat wisata kuliner sewa motor biar maksimal jalan2nya makanan terbaik ga terjangkau transpor
2022-10-20 14:49:18+00:00,shantiajaaa,partner ghibah main dan kuliner terbaik memanglah ayang
2022-10-20 14:49:03+00:00,jawapos,5 kafe di bogor kota dengan konsep kekinian harga daya tarik lokasi
2022-10-20 14:48:12+00:00,archivenona,kak bintang yang cantiiiikk bolehkah aku request wantwit atau few tweets boleh juga tentang anak ibu kost si haechan ngajak jaemin wisata kuliner gitu kar ai aku meleyot beneran ada yg manggil aku terus ditambahin cantik gitu bt
2022-10-20 14:46:49+00:00,ikbharis2021,7 makanan ini bantu tingkatkan libido anti loyo di ranjang lengkapcepatberitanya gayahidup lifestyle food kuliner
2022-10-20 14:46:09+00:00,dineesaurss,galaaaw liat smwaaa kuliner ini bczzz tikeeet belom aman
2022-10-20 14:45:50+00:00,hello_cibi,baru tau ternyata chefnya ini emang udah sahih di sini sejak tahun 90an buseeett bener bener puas kuliner hari ini mana waitress nya ruamah ramah bangeeet jd kita dijelasin amp ditawarin menu musiman kaya fish sp3rm yg tadi sebenernya ada tapi kami syok
2022-10-20 14:45:30+00:00,sarangpower,iya udh itu kuliner bango itu ide bagus si
2022-10-20 14:45:06+00:00,Nayoursqu,rencana mereka mau buka booth makanan aja kuliner nusantara siapa tau sepentin mampir kan apalagi mingyu
2022-10-20 14:44:43+00:00,VSaniwa,ramen museum juga beberapa tempat dimana bisa wisata kuliner di jepang termasuk asakusa also museum pedang yg memamerkan harta nasional kayak mikazuki munechika
2022-10-20 14:44:01+00:00,escobranyusss,top story pesan makan via ojol sangat lama wanita ini berakhir beli sendiri see more
2022-10-20 14:43:59+00:00,CpointWisata,rekomendasi wisata kuliner di sukabumi yang paling populer
2022-10-20 14:43:58+00:00,agkr_felixtemon,ini jenis kuliner forever young jika kamu rutin makan ini maka kamu tidak akan pernah tua alias mati muda karena kole
2022-10-20 14:43:54+00:00,CpointWisata,ini rekomendasi wisata kuliner di magelang yang paling populer
2022-10-20 14:41:50+00:00,MachaChocolatos,rekomendasi kuliner di malang mulai dari 10 ribuan aja a thread
2022-10-20 14:41:07+00:00,foradeptus,sambil wisata kuliner wkwkwk
2022-10-20 14:38:11+00:00,leeseoksy,nyari papah gula sih broww sebenernye ke bdg cuman alesan aje pengen kuliner dan jalan jalan
2022-10-20 14:38:03+00:00,ryujinyk,be the sun in jakarta additional show x festival kuliner kecap bango
2022-10-20 14:37:26+00:00,nolinguistik,ayo nder mutualan 1 convo builder 2 kalo kamu engga bisa baca maps di google pas lagi di mobil aku gak marah 3 aku punya list tempat kuliner yang mau aku datengin jadi engga bingung mau makan apa 4 aku punya beberapa tempat favorit buat ngedate 5 aku bisa adaptasi cepat
2022-10-20 14:37:04+00:00,okezonenews,7 makanan ini bantu tingkatkan libido anti loyo di ranjang lengkapcepatberitanya gayahidup lifestyle food kuliner makanan
2022-10-20 14:35:45+00:00,PajrianiDina,partner ghibah main dan kuliner terbaik memanglah ayang
2022-10-20 14:35:37+00:00,ghianaja_,akun kuliner malang dan sekitarnya
2022-10-20 14:34:15+00:00,PempekJOERAGAN,hi foodlovers ada yg suka dgn kuliner yang satu ini bakso special iga joeragan hmm dijamin ngiler deh
2022-10-20 14:31:13+00:00,KominfotikLpg,hallo warga lampung yuk kunjungi dan meriahkan event lampung craft ke 3 tahun 2022 tanggal 19 23 oktober di graha wangsa selain pmran kerajinan dr berbagai kab di lpg ada byk kgtn lainnya loh mulai dri fashion show talk show kuliner hiburan serta rewind photo booth
2022-10-20 14:29:58+00:00,samibrahim01,lahan pakir thamrin 10 yang diubah tahun 2019 jadi pusat kuliner oleh anies thamrin 10 menjadi s
2022-10-20 14:29:36+00:00,lampung_goid,yuk kunjungi dan meriahkan event lampung craft ke 3 tahun 2022 tanggal 19 23 oktober di graha wangsa selain pameran kerajinan dari berbagai kabupaten di lampung ada banyak kegiatan lainnya loh mulai dari fashion show talk show kuliner hiburan serta rewind photo booth
2022-10-20 14:28:58+00:00,radie_e,lahan pakir thamrin 10 yang diubah tahun 2019 jadi pusat kuliner oleh anies thamrin 10 menjadi s
2022-10-20 14:27:05+00:00,bambangsknt,lahan pakir thamrin 10 yang diubah tahun 2019 jadi pusat kuliner oleh anies thamrin 10 menjadi s
2022-10-20 14:25:19+00:00,RotbarTararugi,buat yang di bandung mari mampir rasakan roti bakar dengan isian selai premium dan puff pastry lokasi di indomaret babakan sari i ya bisa pesan via online juga yaa grabfood dkk
2022-10-20 14:24:15+00:00,sznmjvn,hoooo sekakura malam ini ada bahas tongkat buat kartu tol dari indonesia trus jesse disuruh nebak buat apa dan doi jawab
2022-10-20 14:23:25+00:00,sarpamina3,lahan pakir thamrin 10 yang diubah tahun 2019 jadi pusat kuliner oleh anies thamrin 10 menjadi s
2022-10-20 14:23:06+00:00,jmertani,lahan pakir thamrin 10 yang diubah tahun 2019 jadi pusat kuliner oleh anies thamrin 10 menjadi s
2022-10-20 14:22:50+00:00,neranghae,orang kantor gua udah pada mikir mau kuliner apa aja wkwkwkwkw
2022-10-20 14:20:33+00:00,radarlampung,event kuliner 41 tenant siap ramaikan pringsewu fun food festival chapter dua
2022-10-20 14:20:00+00:00,Mamah_Iyah,nggk usah masak dulu kata nya kn mau wisata kuliner di kota solo
2022-10-20 14:19:39+00:00,idkwhosmeh,cemani opo wae mas emang kok aku sebagai warga cemani malah ramudeng kuliner e opo wae sing well
2022-10-20 14:19:29+00:00,boyke_bond_Jr,mdh2an para delegasi tsb bisa memperkenalkan kuliner lokal tanpa micin ke presiden eu sekjen pbb
2022-10-20 14:17:22+00:00,dshadiprayitno,lahan pakir thamrin 10 yang diubah tahun 2019 jadi pusat kuliner oleh anies thamrin 10 menjadi s
2022-10-20 14:15:43+00:00,sudarjkt,lahan pakir thamrin 10 yang diubah tahun 2019 jadi pusat kuliner oleh anies thamrin 10 menjadi s
2022-10-20 14:12:50+00:00,BlackswanSugar,sekakura 2hr sp tayang 19 oktober 2022 potongan khusus bagian indonesia aja part 1 membahas mengenai spot kuliner
2022-10-20 14:11:10+00:00,detikhot,menetap di bali rumah pasangan nana mirdad dan andrew white berkonsep unik dapurnya menggunakan ruangan terbuka yang langsung menghadap ke halaman yang sejuk ini potretnya
2022-10-20 14:10:17+00:00,jakarta_food,detikfood hotman paris ultah rayakan di atlas beach fest bareng aspri cantik
2022-10-20 14:10:15+00:00,InvesJamurJabon,ingin punya usaha kuliner paling potensial saat ini kami mengusung konsep kuliner sehat higienis halal amp nikmat
2022-10-20 14:08:26+00:00,Dody03180922,lahan pakir thamrin 10 yang diubah tahun 2019 jadi pusat kuliner oleh anies thamrin 10 menjadi s
2022-10-20 14:06:51+00:00,detikfood,hotman paris ultah rayakan di atlas beach fest bareng aspri cantik
2022-10-20 14:04:58+00:00,wisnu3ds,lokasi didaerah selatan gaul banyak kuliner wfh wfo 3x seminggu masuk cmn 2 1x pas genap aja gaji lumayan fasilitas oke lag work life balance g yah tapi bisa tiba2 3hari lo cmn bengong
2022-10-20 14:03:09+00:00,Mariacristine81,pantjoran pik pusat kuliner food street
2022-10-20 14:02:29+00:00,nadhif_almira,this one ini dagangan aku namanya mie pedas chili oil tersedia varian manis amp asin ada level 1 2 amp 3 harganya 10k ajaa dom mojokerto ygy minat hubungi 089681300308 wa only ya maap sekalian promosi ya nder habisnya ini video terakhir sih wkwk kulinermojokerto kuliner
2022-10-20 14:02:10+00:00,nengiten,lahan pakir thamrin 10 yang diubah tahun 2019 jadi pusat kuliner oleh anies thamrin 10 menjadi s
2022-10-20 14:01:20+00:00,DavidHe49955130,lahan pakir thamrin 10 yang diubah tahun 2019 jadi pusat kuliner oleh anies thamrin 10 menjadi s
2022-10-20 13:59:44+00:00,txtmbunamashiho,bazzar kuliner anyink
2022-10-20 13:59:38+00:00,sound_of_roses,festival kuliner gbk ntar
2022-10-20 13:59:15+00:00,Harihari_Sadboi,ayok nder temenan aku juga ada banyak list kuliner sama kadang promoan
2022-10-20 13:59:04+00:00,rimaamelya,partner ghibah main dan kuliner terbaik memanglah ayang
2022-10-20 13:58:56+00:00,galery_rds,lahan pakir thamrin 10 yang diubah tahun 2019 jadi pusat kuliner oleh anies thamrin 10 menjadi s
2022-10-20 13:56:18+00:00,ghozialaydrus,tidak hanya sangat murah pembeli bisa memilih 17 menu makanan yang sudah termasuk es teh atau teh hangat dengan harga rp 5 0
2022-10-20 13:55:57+00:00,cre4msoupkfc,rekomen kuliner wajib klo di jakpus dong
2022-10-20 13:55:55+00:00,mukaikhlas,gua juga pengen tapi jadi presiden india pen gua ancurin tu kuliner
2022-10-20 13:55:34+00:00,Nasikin_MA,kuliner malam jumat kliwon di pekalongan nih min
2022-10-20 13:54:45+00:00,Fransisca_Nat2,mau tahu info kesehatan kuliner travelling dan yang lainnya follow kuenyonya ya
2022-10-20 13:54:02+00:00,2dibukaB,lahan pakir thamrin 10 yang diubah tahun 2019 jadi pusat kuliner oleh anies thamrin 10 menjadi s
2022-10-20 13:52:40+00:00,NTB_Prov,ukm ntb kembali menoreh prestasi di tingkat nasional kali ini kuliner khas ntb sate rembiga goyang lidah menjadi juara kategori inovasi produk unggulan daerah dalam penghargaan ukm pangan award 2022 ntbgemilang
2022-10-20 13:51:36+00:00,alvyaa,wishlisttt ngiler bgt sama kuliner bangkok
2022-10-20 13:51:31+00:00,nonxxxie,coba potret kuliner indonesia al aku yakin hasil nya bakalan mantep banget pake kamera galaxya04 pastiawesomeduluan
2022-10-20 13:51:20+00:00,detikcom,demi menghidupi keluarganya banyak orang yang rela bekerja keras salah satunya menjadi pengantar makanan dengan tantangan yang berat ini kisahnya
2022-10-20 13:50:11+00:00,anak_trex,baruu sadarr kalo akir bulan dibayarin lagi disuruh ke jogja buatt explore kuliner disana tp posisi sekarang pasang karett behel kek pagerr ga bisa buat makann
2022-10-20 13:50:01+00:00,rynto_hary,roadshow selasasastra di pegiat budaya taman kuliner gilangharjo premiere kamis 20 oktober 2022 pukul 19 15 wib
2022-10-20 13:49:32+00:00,BlusukanBantul,roadshow selasasastra di pegiat budaya taman kuliner gilangharjo premiere kamis 20 oktober 2022 pukul 19 15 wib
2022-10-20 13:49:23+00:00,detikcom,tiktoker mengungkapkan harga makanan di papua dan solo yang ternyata berbeda beberapa kali lipat ia tercengang ketika membayar rp 20 000 di angkringan
2022-10-20 13:49:15+00:00,stellatjia,gue kan suka kulineran ya jadi ya gue kasih saran al buat fotoin kuliner di festival kuliner gitu deh cakep kan idenya galaxya04 pastiawesomeduluan
2022-10-20 13:47:57+00:00,aufaztec,join pengbes kuliner
2022-10-20 13:47:13+00:00,kaskus,petualangan kuliner singapura hanya di food affair with mark wiens
2022-10-20 13:45:07+00:00,wonwoozee,btw space di tengah sepanjang yellow ampe purple buat booth kuliner apa gmn tuh
2022-10-20 13:45:03+00:00,eradotid,seruu
2022-10-20 13:44:44+00:00,ahmadshofila15,partner ghibah main dan kuliner terbaik memanglah ayang
2022-10-20 13:44:34+00:00,RakhaBilly6,lahan pakir thamrin 10 yang diubah tahun 2019 jadi pusat kuliner oleh anies thamrin 10 menjadi s
2022-10-20 13:43:04+00:00,teanbeans_,inspirasi kuliner spaghetti singkong menjadi inspirasi ganjar pranowo dalam menemukan alternatif ketahanan pangan ganj
2022-10-20 13:42:11+00:00,BlusukanBantul,pendatang baru di yogyakarta bagian selatan yang siap meramaikan wisata kuliner di yogyakarta tempat nongkrong yang cozy bersih instagramable pokoknya asik banget buat nongki nugas hingga nge date jl mayjend sutoyo nyangkringan bantul yogyakarta
2022-10-20 13:41:48+00:00,MCMAGEL,lahan pakir thamrin 10 yang diubah tahun 2019 jadi pusat kuliner oleh anies thamrin 10 menjadi s
2022-10-20 13:41:24+00:00,paklek_tri,di sebuah negara kepulauan nggak ada orangnya karena pada sibuk memajukan kegiatan e sport baca zuma sekaligus ukm kuliner terdekat kantin kantor
2022-10-20 13:40:40+00:00,medcom_id,jelajah kopi indonesia hadir di summarecon mall serpong
2022-10-20 13:40:17+00:00,ZahraPuspa,rekomendasi kuliner di malang mulai dari 10 ribuan aja a thread
2022-10-20 13:38:06+00:00,IneffableWon717,malah kuliner
2022-10-20 13:36:33+00:00,lieftymelfitra,hi all makanan soto ayam kecap ini salah satu makanan fav aku bisa dimakan ketika mendung apalagi ditambah cabe dengan kecap biar lebih mantap yuk cobain jadi pejuangrasanyaindonesia kenalirasanyaindonesia di fjb2022 untuk temukan kuliner indonesia di
2022-10-20 13:35:19+00:00,kevinrps20,intermezzo sesekali diselingi nonton series yang berbau kuliner di balik hingar bingar series thriller asik juga jepang juara soal series kuliner deh contoh nya 2 series ini
2022-10-20 13:35:18+00:00,SuarPemudaJogja,roadshow selasasastra di pegiat budaya taman kuliner gilangharjo premiere kamis 20 oktober 2022 pukul 19 15 wib
2022-10-20 13:35:11+00:00,ch1ckentendies,inspirasi kuliner spaghetti singkong menjadi inspirasi ganjar pranowo dalam menemukan alternatif ketahanan pangan ganj
2022-10-20 13:35:05+00:00,nolantv_com,jalan makan tahu pong semarang surganya penggemar masakan semarang terbaru berita
2022-10-20 13:34:51+00:00,tedikusyairi,roadshow selasasastra di pegiat budaya taman kuliner gilangharjo premiere kamis 20 oktober 2022 pukul 19 15 wib
2022-10-20 13:34:32+00:00,exarcopoulos,ada lagii sebenernya emak orang banyuwangi pas masih kecil kaget banget ada kuliner namanya rujak soto literally rujak disiram kuah soto tapi ternyata enakkk bangett tiap ke bwi mesti beli ohiya ini pic dr gugel hehe
2022-10-20 13:34:15+00:00,PempekJOERAGAN,ini dia kuliner favorit para joeragan hmm yummi kualitas premium dijamin ketagihan wajib coba gan
2022-10-20 13:33:30+00:00,kevinfendy,lahan pakir thamrin 10 yang diubah tahun 2019 jadi pusat kuliner oleh anies thamrin 10 menjadi s
2022-10-20 13:33:30+00:00,oishiisoda,curiga emang ada festival kuliner bango biar rame
2022-10-20 13:33:00+00:00,detikcom,makanan di india sering viral karena tak higienis mulai dari potongan ayam goreng yang dikerumuni lalat hingga roti siap jual yang diinjak injak dan dijilati hiih
2022-10-20 13:33:00+00:00,wolipop,menetap di bali rumah pasangan nana mirdad dan andrew white berkonsep unik dapurnya menggunakan ruangan terbuka yang langsung menghadap ke halaman yang sejuk ini potretnya
2022-10-20 13:32:08+00:00,Gangste14420,waduuu mau kuliner an kali pake tester
2022-10-20 13:31:44+00:00,BaksoJOERAGAN,hayo dipilih kuliner kesukaan agan yang mana ni rasanya dijamin paling puoooolll baksojoeragan
2022-10-20 13:31:33+00:00,MantryShowbar,ini jenis kuliner forever young jika kamu rutin makan ini maka kamu tidak akan pernah tua alias mati muda karena kole
2022-10-20 13:30:36+00:00,priambodo,thailandedisibaru edisi bangkok kali ini chatucak weekend market sekarang uda buka normal kembali dan tokonya makin b
2022-10-20 13:30:32+00:00,amvbyar,udah bukaaaa ternyata wkwk gasss kita meluncuurr ke bawah sekalian kuliner
2022-10-20 13:30:25+00:00,nyetoo,ini jenis kuliner forever young jika kamu rutin makan ini maka kamu tidak akan pernah tua alias mati muda karena kole
2022-10-20 13:30:24+00:00,ceritaclaraa,rekomendasi kuliner di surabaya yang wajib di coba
2022-10-20 13:28:54+00:00,sofia_sudarma,earlier today i attended the 37th trade expo indonesia at ice bsd tangerang senang melihat antusiasme 795 peserta te
2022-10-20 13:28:46+00:00,MjDewa,earlier today i attended the 37th trade expo indonesia at ice bsd tangerang senang melihat antusiasme 795 peserta te
2022-10-20 13:28:16+00:00,angga_key,lahan pakir thamrin 10 yang diubah tahun 2019 jadi pusat kuliner oleh anies thamrin 10 menjadi s
2022-10-20 13:27:31+00:00,downpourrr_,inspirasi kuliner spaghetti singkong menjadi inspirasi ganjar pranowo dalam menemukan alternatif ketahanan pangan ganj
2022-10-20 13:26:06+00:00,kembanglanggeng,apa gue resign aja ya trus jadi ibu kost 20 pintu punya bisnis kuliner yg sukses
2022-10-20 13:25:32+00:00,yudithSatya,hoooo sekakura malam ini ada bahas tongkat buat kartu tol dari indonesia trus jesse disuruh nebak buat apa dan doi jawab
2022-10-20 13:25:27+00:00,awngeryyy,narasi narasinya terbaik sih gokiellllll shotnya ampunnn bukan konten kuliner yg enak enak enak doang wkwkw sudah lama sekali mencari konten seberkualitas ini untuk kuliner lsg sub wkwkw
2022-10-20 13:25:25+00:00,caronerva,partner ghibah main dan kuliner terbaik memanglah ayang
2022-10-20 13:24:38+00:00,rajodurian,rasakan lembut dan gurihnya kuliner rajo durian ini di outlet outlet kami atau pun bisa anda bawa pulang kuliner rajodurian
2022-10-20 13:24:03+00:00,sebutsajani2na2,masa bangun tempat kuliner di thamrin aja lgsg disebut visioner bukannya disana banyak tempat kuliner n secara lokasi juga strategis banget utk tempat ngupi2 visionernya dmn
2022-10-20 13:23:26+00:00,n0tdin,aing udh ky kuliner buah batu unggal poe ngagoput kabeh d jugjug
2022-10-20 13:23:24+00:00,pandamlaks,gaweanku nek ra kapusan mungkin cuma makan makan makan makan makan makan makan makan makan makan makan makan makan makan makan makan makan makan makan makan makan kuliner kuliner kuliner kuliner kuliner kuliner kuliner kuliner kuliner kuliner kuliner kuliner kuliner kuliner kulin
2022-10-20 13:21:03+00:00,tulong8807,thailandedisibaru edisi bangkok kali ini chatucak weekend market sekarang uda buka normal kembali dan tokonya makin b
2022-10-20 13:20:51+00:00,aremika_,inspirasi kuliner spaghetti singkong menjadi inspirasi ganjar pranowo dalam menemukan alternatif ketahanan pangan ganj
2022-10-20 13:20:36+00:00,JSedoe,lahan pakir thamrin 10 yang diubah tahun 2019 jadi pusat kuliner oleh anies thamrin 10 menjadi s
2022-10-20 13:20:33+00:00,VIVAlife_,food affair with mark wiens menguak pengalaman seru kulineran di singapura
2022-10-20 13:20:11+00:00,VIVAcoid,food affair with mark wiens menguak pengalaman seru kulineran di singapura
2022-10-20 13:18:21+00:00,Lilianapuyo1,kenalin nih seruit kuliner khas lampung yang enak dinikmati ramai ramai nah kalian bisa pilih sambel mana yang sesuai selera kalian buat kalian pejuangrasanyaindonesia bisa kok kenalirasanyaindonesia fjb2022 dengan daftar di masakan nusantara terenak
2022-10-20 13:18:00+00:00,awngeryyy,kisarasa ini sepertinya konten kuliner indonesia paling bagus saat ini respect setinggi2nya untuk semua yg terlibat hadir dengan format docuseries skrg udah di eps 7 kisarasa menghadirkan konten kuliner yang jauh lebih deep bener2 konten kuliner berkualitas
2022-10-20 13:17:29+00:00,BaruEmce,lagi kuliner ya mbak sayang jauh kalau dekat mau ikut
2022-10-20 13:17:00+00:00,detikcom,makanan indonesia kembali memikat lidah youtuber korea karena kelezatannya youtuber ini cicipi nasi goreng dan bakso goreng dan membuatnya ketagihan
2022-10-20 13:16:11+00:00,_SteveDoggOn,sabi lah sekalian wisata kuliner mereka kita nongki2 bareng
2022-10-20 13:16:07+00:00,infotegal,mulai hari ini 20 10 ada festival kuliner loh di halaman parkir depan transmart mall tegal namanya milenial food festival acara ini berlangsung dari tanggal 20 23 oktober 2022 terdapat puluhan kuliner jajanan yang beragam nih
2022-10-20 13:15:48+00:00,igemwoeyoo,org2 lucu bgt pls gw ga berenti ketawa siapa barusan yg mau bikin festival kuliner di tengah section yellow green purple
2022-10-20 13:15:34+00:00,idntimes,20 wisata kuliner di bandung paling enak dan terpopuler coba yuk
2022-10-20 13:14:43+00:00,driedflower__,inspirasi kuliner spaghetti singkong menjadi inspirasi ganjar pranowo dalam menemukan alternatif ketahanan pangan ganj
2022-10-20 13:13:35+00:00,Nanik_1t0,gulai ikan patin kuliner khas riau tercipta dari akulturasi jadi gak salah dong jadi makanan tervaforit keluarga nah sekarang daftar aja ke pejuangrasanyaindonesia kenalirasanyaindonesia fjb2022 yuk nikmati menu nusantara
2022-10-20 13:12:40+00:00,xianiwei,nasi bebek hidayah khas madura benernya tau ini dari comment2 ig kuliner banyak yg jawab nasi bebek terenak di jogja ya hidayah ini bela2in kesini jauh2 setengah jam dari rumah jarak 12km hahaha enak tp bebek rizky juga gak kalah
2022-10-20 13:12:03+00:00,IDNTimesJogja,mulai dari hidangan thailand malaysia sampai vietnam semua ada
2022-10-20 13:11:04+00:00,raxurus,tiap ada yg bahas kuliner domku tuh ngakak bgt iyaya gatau knp semurah itu
2022-10-20 13:10:19+00:00,lowkeyLoeyKai,malah jd festival kuliner nusantara
2022-10-20 13:09:15+00:00,Cherrylalula,nih makanan terenak pendap kuliner khas bengkulu yang populer yang kian populerbsiap sih yang gak kenal menu satu ini kamu bisa kok daftar di dan bagi pejuangrasanyaindonesia sayang banget kalau di lewat kan event ini kenalirasanyaindonesia fjb2022
2022-10-20 13:07:36+00:00,jakarta_food,detikfood pesan makan via ojol sangat lama wanita ini berakhir beli sendiri
2022-10-20 13:06:13+00:00,recheeseay,and last kuliner hari ini diakhiri sakit gigi
2022-10-20 13:05:10+00:00,nyong_234,pilihan yang sulit ngga sih saat harus memilih salah satu kuliner khas tegal ini tahu aci olos semuanya punya penggemarny
2022-10-20 13:03:35+00:00,FaktanyaGoogle,tahukah anda bahwa ada sekitar 1 600 restoran dan toko yang menyajikan kuliner indonesia di belanda
2022-10-20 13:02:20+00:00,BaksoJOERAGAN,ini dia kuliner favorit para joeragan hmm yummi kualitas premium dijamin ketagihan wajib coba gan
2022-10-20 13:00:45+00:00,MotivaHarian,pengen bisnis kuliner bakso mie sosis roti sambal es krim dll ikuti trainingnya di setiap bulan klik
2022-10-20 13:00:34+00:00,bzxct,papeda kuliner favorite ku terbuat dari sagu yang mengandung banyak serat bergizi cocok banget buat kalian yg kekurangan serat intip kuliner lainnya dengan daftar ya pejuangrasanyaindonesia kenalirasanyaindonesia fjb2022
2022-10-20 13:00:13+00:00,gregoriusagaa,trend kuliner jeneng klub kuwi yo perlu diperbarui lho coach mieayam celsi karo mie ayam ronaldo ki wis taun 2000 an kudune hhh
2022-10-20 12:59:44+00:00,kopilatujuh,mantap variasi kuliner nusantara
2022-10-20 12:59:34+00:00,roosfeary,earlier today i attended the 37th trade expo indonesia at ice bsd tangerang senang melihat antusiasme 795 peserta te
2022-10-20 12:58:47+00:00,altbumi,seneng bgt liat wayv dikenalin sama kuliner indonesia yg bener2 khas bukan cuma nasi goreng mi goreng doang sampe kue ape dan roti buaya pula dah siap jd warga jakarte nih
2022-10-20 12:57:37+00:00,Arifai777,startup saas kuliner runchise umumkan pendanaan awal
2022-10-20 12:55:43+00:00,killajatu,lahan pakir thamrin 10 yang diubah tahun 2019 jadi pusat kuliner oleh anies thamrin 10 menjadi s
2022-10-20 12:52:14+00:00,racheloktaviaa,partner ghibah main dan kuliner terbaik memanglah ayang
2022-10-20 12:50:33+00:00,BulainahI,ikan bakar manokwari dengan bahan utama ikan tongkol yang sebelum pembakarannya dicampur gilingan rempah kasar serta perasan jeruk nipis behhh daftar untuk kuliner lainnya pejuangrasanyaindonesia kenalirasanyaindonesia fjb2022
2022-10-20 12:49:24+00:00,TribrataStBoys,es tape es tape enak es teh enak adalah salah satu andalan kegemaran para penikmat kuliner di angkringan felixtemon
2022-10-20 12:49:18+00:00,dharmanseorang,open promote destinasi wisata kuliner di aceh besar mau akunmu dipromote daftar sini yuk follow dulu lalu dan ketik waroeng sangkar programfolback puspitanagari cc nkri
2022-10-20 12:47:06+00:00,dailysocial,startup saas kuliner runchise umumkan pendanaan awal
2022-10-20 12:46:09+00:00,darllanchi,inii yaa guyss sebagai makanan khas bandung kalian wajib cobain seblaknyaa dehh sudah jadi kuliner kekinian bangett loh pejuangrasanyaindonesia kenalirasanyaindonesia fjb2022 yuk kenali juga makanan khas indonesia
2022-10-20 12:45:44+00:00,pawsient,lahan pakir thamrin 10 yang diubah tahun 2019 jadi pusat kuliner oleh anies thamrin 10 menjadi s
2022-10-20 12:44:34+00:00,escobranyusss,top story makan di angkringan habis rp 20 ribu tiktoker papua ini tercengang see more
2022-10-20 12:44:29+00:00,baraja_d,lahan pakir thamrin 10 yang diubah tahun 2019 jadi pusat kuliner oleh anies thamrin 10 menjadi s
2022-10-20 12:43:59+00:00,arieen88,hoooo sekakura malam ini ada bahas tongkat buat kartu tol dari indonesia trus jesse disuruh nebak buat apa dan doi jawab
2022-10-20 12:43:01+00:00,CpointWisata,aneka pilihan tempat wisata kuliner di jember paling populer
2022-10-20 12:41:01+00:00,0189Fadil,lahan pakir thamrin 10 yang diubah tahun 2019 jadi pusat kuliner oleh anies thamrin 10 menjadi s
2022-10-20 12:40:36+00:00,BatrisiyaS,tau brongkos nggak guys kalian wajib cobain deh brongkos ini makanan kerajaan kesukaan sultan hamengkubuwono ix serta x loh guys jadi pasti enak banget ayo daftar buta lihat kuliner lainnya pejuangrasanyaindonesia kenalirasanyaindonesia fjb2022
2022-10-20 12:39:41+00:00,seokjinbae97,saran kuliner enak yang bisa pesen online di surabaya
2022-10-20 12:38:21+00:00,barika_ika,soto lenthok dari jogja nih bos soto ini sama seperti soto lainnya yg membedakan adapah tambahan perkedel singkong yg dijamin bakal bikin perut penuh ayo intip kuliner lainnya dengan daftar pejuangrasanyaindonesia kenalirasanyaindonesia fjb2022
2022-10-20 12:36:19+00:00,doremigurll,partner ghibah main dan kuliner terbaik memanglah ayang
2022-10-20 12:36:14+00:00,wuasyu,lahan pakir thamrin 10 yang diubah tahun 2019 jadi pusat kuliner oleh anies thamrin 10 menjadi s
2022-10-20 12:36:09+00:00,CeydaCey20,kenalin sego abang kuliner dari gunung kidul yang berarti nasi merah nasi merah gurih dilengkapi dengan pelengkap ayam sayur dan lombok ijo ini bisa menemani makan enakmu banyak hidangan lain loh pejuangrasanyaindonesia kenalirasanyaindonesia fjb2022
2022-10-20 12:35:48+00:00,detikfood,pesan makan via ojol sangat lama wanita ini berakhir beli sendiri
2022-10-20 12:34:22+00:00,latifaskaa,kurang tau akunnya tp tak kasih tips 1 cari akun yg bahas kuliner gak campuraduk kontene 2 cek postingan komentar like followrs e akeh sg komen nggak 3 cari lebih dari 2 akun ngge perbandingan
2022-10-20 12:34:11+00:00,AboutTNG,di jalan kh soleh ali sukasari kota tangerang ada satu kuliner legend yang harus kamu cobain apalagi jika kamu suka nasi uduk tempat ini sudah berdiri 50 tahun lebih loh yuk nonton video fullnya di youtube abouttng klik link
2022-10-20 12:33:04+00:00,suhut76785269,lahan pakir thamrin 10 yang diubah tahun 2019 jadi pusat kuliner oleh anies thamrin 10 menjadi s
2022-10-20 12:33:02+00:00,ClemiraCle,hidangan nusantara simple buat kalian yg mager yup sayur lombok ijo hidangan dengan campuran tempe kuah santan dan tentu saja cabe ijo jya bikin nambah nasi terus banyak kuliner lain loh dftr pejuangrasanyaindonesia kenalirasanyaindonesia fjb2022
2022-10-20 12:30:20+00:00,waone_kusma313,selamat hari kamis manis buat kalian pecinta kuliner mimin mau tebak tebakan dong ini makanan khas semarang brosis
2022-10-20 12:29:40+00:00,Yummycubitcake,jagoan kuliner emang tempatnya cnjyuk
2022-10-20 12:29:35+00:00,dedeniko_,ini dia kuliner yg di kunjungi pak ganjar
2022-10-20 12:28:07+00:00,moyyedSam,kalau ke jogja jangan lupa cobain soto bathok yah guys sesuai namanya soto ini disajikan menggunakan batok dengan kuah gurih berisi daging ayo intip kuliner lainnya l buruan daftar pejuangrasanyaindonesia kenalirasanyaindonesia fjb2022
2022-10-20 12:28:04+00:00,artemisiaalora,sekakura 2hr sp tayang 19 oktober 2022 potongan khusus bagian indonesia aja part 1 membahas mengenai spot kuliner
2022-10-20 12:27:31+00:00,DeniNugraha411,hobi makan kuliner tapi perut rata usus bersih slimtrifinity trifinity pelangsing diet slimming beratbadan jusfiber minumanserat
2022-10-20 12:26:18+00:00,youngefila,gabing makanan khas lampung yg ukuran nyaa bisa di bilang 3 4 cm lahh yaa yg begitu nikmat bangt di mulut kalian harus kudu coba nihh guyss makanan yg satu ini pejuangrasanyaindonesia kenalirasanyaindonesia fjb2022 temukan makanan kuliner indonesia di
2022-10-20 12:24:37+00:00,rajodurian,dengan 8 outlet yang tersebar di jakarta depok dan bogor memudahkan anda untuk menikmati hidangan kuliner dari kami kuliner rajodurian
2022-10-20 12:24:34+00:00,Jennyrputrii,partner ghibah main dan kuliner terbaik memanglah ayang
2022-10-20 12:24:00+00:00,Martabak_LEGIT,nyari kuliner ajib di cikarang mampir aja ke jl pilar depan smpn1 cikarang utara ada martabak ajib
2022-10-20 12:23:29+00:00,mhbee,wisata kuliner taman ekspresi wkwk
2022-10-20 12:22:01+00:00,albertorobet,inspirasi kuliner pak ganjar nih yaaa
2022-10-20 12:21:58+00:00,Joe263572927,walaupun sepele bisa dianggap rate 1 arogan ojol nya datang ke rumah lagi bertanya lsg kenapa rating 1 mengantar makanan untuk pelanggan pengemudi ojek online ojol ini diberi rating rendah alasannya karena dinilai tak sopan gegara hal sepele ini
2022-10-20 12:21:34+00:00,ate_atelier,geplak tuh enank banget jajanan khas daerah bantul yg memiliki cita rasa manis yg tiada duanya kalau mau lihat kuliner nusantara lainnya buruan daftar pejuangrasanyaindonesia kenalirasanyaindonesia fjb2022
2022-10-20 12:20:13+00:00,Muriel_ello,aku bawa nasi tiwul dari penduduk gunung kidul nih guys kalian harus cobain deh soalnya makanan ini tuh dimakan sebagai pengganti nasi sama warga saat masa penjajahan daftar buat tau kuliner pejuangrasanyaindonesia kenalirasanyaindonesia fjb2022
2022-10-20 12:20:09+00:00,wolipop,mantan kaesang pangarep nadya arifta kini tengah disibukkan dengan usaha kuliner dan hijab yang sedang dijalaninya bagaimana penampilan nadya kini
2022-10-20 12:18:05+00:00,ProkopimKabBdg,kabupaten bandung selain memiliki potensi wisata alam yang besar juga lebih dari 2 500 jenis produk lokal umkm yang tentu mendorong pertumbuhan ekonomi seperti kuliner fashion kerajinan dan lainnya ujar sekda
2022-10-20 12:17:08+00:00,ZillanL,ada yg suka ini oseng mercon buat yg suka pedes aku saranin wajib dicoba sih pedesnya tuh nampol banget penasaran dengan kuliner lainnya buruan daftar pejuangrasanyaindonesia kenalirasanyaindonesia fjb2022
2022-10-20 12:15:46+00:00,dunwhalers,sekakura 2hr sp tayang 19 oktober 2022 potongan khusus bagian indonesia aja part 1 membahas mengenai spot kuliner
2022-10-20 12:15:45+00:00,AndAndraste,bagi pecinta sate mending cobain sate klatak ini deh satenya unik banget soalnya tusuknya pake jeruji sepeda yapi rasanya tidak kalah sama sate pada umunya banyak kuliner lainnya yg bisa dilihat pejuangrasanyaindonesia kenalirasanyaindonesia fjb2022
2022-10-20 12:15:37+00:00,dunwhalers,hoooo sekakura malam ini ada bahas tongkat buat kartu tol dari indonesia trus jesse disuruh nebak buat apa dan doi jawab
2022-10-20 12:14:50+00:00,lilis_stm,selamat hari kamis manis buat kalian pecinta kuliner mimin mau tebak tebakan dong ini makanan khas semarang brosis
2022-10-20 12:14:37+00:00,arianartss,masi banyak kuliner mlg yg blm didatengin tapi duitnya udh abis aja
2022-10-20 12:12:12+00:00,DDaneiris,aku datang membawa hidangan mangut lele khas dari mataram lele yang diolah dengan bumbu santan yg gurih bisa menjadi salah satu kenikmatan duniawi cari kuliner lainnya di pejuangrasanyaindonesia kenalirasanyaindonesia fjb2022
2022-10-20 12:11:38+00:00,CHOWRAWK,baru saja mengirim foto seturan kuliner sekul
2022-10-20 12:10:28+00:00,akirarurarira,hoooo sekakura malam ini ada bahas tongkat buat kartu tol dari indonesia trus jesse disuruh nebak buat apa dan doi jawab
2022-10-20 12:10:14+00:00,Inginsholehah1,taraa ini gurami bakar dri kota jambi uenak banget di jamin kalian mau lagi dan lagi kalo dah coba yok cek kuliner an indonesia lain nya caranya daftar dulu di pejuangrasanyaindonesia yok mari kita kenalirasanyaindonesia fjb2022
2022-10-20 12:09:12+00:00,jakarta_food,detikfood cicip mie gacoan cewek korea ini meringis kepedasan
2022-10-20 12:09:12+00:00,jakarta_food,detikfood duh pengemudi ojol ini diberi rating jelek gegara hal sepele
2022-10-20 12:09:01+00:00,gelylian,gaes perkenalkan hidangan mendunia ini namanya rendang kuliner dari sumatera barat ini rasanya pedas dan gurih daging sapinya juga lembut nah yuk jadi pejuangrasanyaindonesia juga dengan kenalirasanyaindonesia di fjb2022 daftar disini ya
2022-10-20 12:07:42+00:00,aponxattawin,deket rumahku ada nder taman griya depannya galih kuliner
2022-10-20 12:07:35+00:00,buryamnokacang,perkembangan seni kuliner di indonesia semakin pesat
2022-10-20 12:06:47+00:00,gunsamudro_22,rekomendasi kuliner di malang mulai dari 10 ribuan aja a thread
2022-10-20 12:06:23+00:00,Lindalindia9,wajib banget nyobain rendang kayanya kalau pecinta daging sapi gk boleh deh kelewatan dgn balutan rempah dan santan pastinya bikin ketagihan bisa jg daftar biar bisa temukan kuliner indonesia pejuangrasanyaindonesia kenalirasanyaindonesia fjb2022
2022-10-20 12:06:12+00:00,xndth,ini sate ayam yang rasanya gurih manis di tambah dengan irisan rawit yang bikin rasanya sedikit pedas enak sekali jadi pejuangrasanyaindonesia yuk dengan kalian kenalirasanyaindonesia di fjb2022 dan temukan kuliner indonesia daftar sekarang juga
2022-10-20 12:05:47+00:00,detikfood,cicip mie gacoan cewek korea ini meringis kepedasan
2022-10-20 12:05:08+00:00,Berkahdong1,kalo ke banten wajib mampir ke warung sate bandeng khas banten ini gurih pedas uhhh nampoll pokoknya mah cek kuliner an lainnya di daftar segera ya pejuangrasanyaindonesia yok kita kenalirasanyaindonesia fjb2022
2022-10-20 12:04:19+00:00,PempekJOERAGAN,ingin punya usaha kuliner joeragan rasa dan kualitas no 1 dijamin diburu pembeli yuk join kemitraan skrg
2022-10-20 12:04:14+00:00,AkhiYoung,lahan pakir thamrin 10 yang diubah tahun 2019 jadi pusat kuliner oleh anies thamrin 10 menjadi s
2022-10-20 12:04:12+00:00,RayyaMutia,ngomongin yg pedes dan seger emang cocok bgt sih makan cuanki kalian wajib makan cuanki ya kalau main ke bandung cita rasanya yg pedas bikin ketagihan pejuangrasanyaindonesia kenalirasanyaindonesia fjb2022 temukan juga kuliner indonesia dengan daftar
2022-10-20 12:03:24+00:00,chizeuball,demi apa lucu bgt makasi c udah bikin au au yg relate dgn kehidupan wkwkwk makasi jg buat list kuliner di bdg ini
2022-10-20 12:02:46+00:00,Syifa25N,hoooo sekakura malam ini ada bahas tongkat buat kartu tol dari indonesia trus jesse disuruh nebak buat apa dan doi jawab
2022-10-20 12:02:41+00:00,Anwar_gan,hayo siapa sih yang gak kenal sama nasi padang sepertinya hampir semua tau nih makanan yang enak ini kuliner asli indonesia gurih nikmat banyak bumbu rempah nya untuk memasaknya yuk daftar untuk pejuangrasanyaindonesia kenalirasanyaindonesia fjb2022
2022-10-20 12:02:24+00:00,hooneylemoon,hoooo sekakura malam ini ada bahas tongkat buat kartu tol dari indonesia trus jesse disuruh nebak buat apa dan doi jawab
2022-10-20 12:02:20+00:00,anisa_kayra,rasanya kurang sempurna deh kalau main ke jogja gak nyobain gudeg soalnya super lezat nikmat dan menggugah selera banget hayuk pejuangrasanyaindonesia kita kenalirasanyaindonesia fjb2022 dengan daftar biar bisa temukan kuliner seindonesia
2022-10-20 12:02:11+00:00,Amaljariyaah,ini dia guys kuliner nusantara kesukaan ku namanya sate daging kecap asli rasa ciri khas nusantara bnget kuy yg pengen nemuin kuliner indonesia fav cek disni ya pejuangrasanyaindonesia kenalirasanyaindonesia fjb2022
2022-10-20 12:02:01+00:00,BaksoJOERAGAN,hi foodlovers ada yg suka dgn kuliner yang satu ini bakso special iga joeragan hmm dijamin ngiler g deh
2022-10-20 12:01:59+00:00,Bakalsukses3,guyss mau ga nih ayam betutu bali makanan khas bali uenak kalian wajib coba yaa cek kuliner lain di sini daftar segera ya pejuangrasanyaindonesia kenalirasanyaindonesia fjb2022
2022-10-20 12:01:51+00:00,Lia_Anggraeni_,rasanya kurang sempurna deh kalau main ke jogja gak nyobain gudeg soalnya super lezat nikmat dan menggugah selera banget hayuk pejuangrasanyaindonesia kita kenalirasanyaindonesia fjb2022 dengan daftar biar bisa temukan kuliner seindonesia
2022-10-20 12:01:46+00:00,devdanendraa,ikan patin bakar dengan bumbu kecap rasanya manis gurih dan pastinya sangat nikmat ayo guys jadi pejuangrasanyaindonesia yuk dengan kenalirasanyaindonesia di fjb2022 langsung aja daftar disini untuk temukan kuliner indonesia
2022-10-20 12:01:38+00:00,bemkmipa_unsoed,grow up your business in the industrial era 4 0 dengan narasumber yang sangat menarik yaitu m noor fahmi s e ak ceo pt uba uhud internasional ajie wicaksono at pengusaha bisnis kuliner pisang leleh
2022-10-20 12:01:00+00:00,chaemings,hoooo sekakura malam ini ada bahas tongkat buat kartu tol dari indonesia trus jesse disuruh nebak buat apa dan doi jawab
2022-10-20 11:59:04+00:00,Nadiramay2,kalian udah pernah nyoba belum ni makanan khas dari solo selat solo ngomongin soal rasa pedas gurih manis jadi pejuangrasanyaindonesia dengan kenalirasanyaindonesia di fjb2022 dan temukan kuliner indonesia dari sabang sampai merauke
2022-10-20 11:58:54+00:00,seohayami_s,hoooo sekakura malam ini ada bahas tongkat buat kartu tol dari indonesia trus jesse disuruh nebak buat apa dan doi jawab
2022-10-20 11:58:04+00:00,Sabaryaguyss,kenalin guys sama makanan kesukaan aku nasi goreng spesial yuk daftarin diri di untuk jadi pejuangrasanyaindonesia dan temukan kuliner nusantara bareng aku kenalirasanyaindonesia fjb2022
2022-10-20 11:57:09+00:00,rizky_rama161,yuk cobain yuk gaes kuliner dari kotaku ini namanya nasi gunung sari perpaduan dari sayur serta lauk pauk dari tahu ikan asin dan sate lilit yang mantulll banget pejuangrasanyaindonesia kenalirasanyaindonesia fjb2022
2022-10-20 11:57:01+00:00,Gol_A_Gong,tepian sungai segah menikmati kuliner berau
2022-10-20 11:56:26+00:00,detikcom,cara warga kadingeh kecamatan baraka kabupaten enrekang sulawesi selatan sulsel mengolah katak besar atau todan jadi santapan lezat via
2022-10-20 11:55:30+00:00,Jvockss,kenalin ni guys sate padang cerita soal rasa pedas gurih manis jadi pejuangrasanyaindonesia dengan kenalirasanyaindonesia di fjb2022 untuk temukan kuliner indonesia dari sabang sampai merauke yuk daftar sekarang
2022-10-20 11:54:38+00:00,AliiSaputra,ikan bakar menjadi makanan kesukaan di setiap kalangan di penjuru nusantara jadi pejuangrasanyaindonesia kenalirasanyaindonesia di fjb2022 ada banyak kuliner nusantara di sana
2022-10-20 11:54:06+00:00,keluarganawra,kamu kau pilih yang mana semua tersedia di simpang nangko kota curup rejang lebong nih kuliner murce dan idaman
2022-10-20 11:53:44+00:00,rizayana,lahan pakir thamrin 10 yang diubah tahun 2019 jadi pusat kuliner oleh anies thamrin 10 menjadi s
2022-10-20 11:53:37+00:00,woodsthejust,lahan pakir thamrin 10 yang diubah tahun 2019 jadi pusat kuliner oleh anies thamrin 10 menjadi s
2022-10-20 11:52:53+00:00,Yulianasarrie,yuhuu ini dia makanan fav aku soto betawi rasanya gurih pedas endolita banget yuk jadi pejuangrasanyaindonesia dengan kenalirasanyaindonesia di fjb2022 untuk temukan kuliner indonesia dari sabang sampai merauke daftar sekarang
2022-10-20 11:52:37+00:00,arvendomh,rekomendasi kuliner malam di malang geb
2022-10-20 11:52:35+00:00,bukansyapsyap,partner ghibah main dan kuliner terbaik memanglah ayang
2022-10-20 11:52:24+00:00,buddykuofficial,terlihat beberapa spanduk berisikan protes dan sikap aremania terhadap tewasnya rekan rekan mereka dibentangkan dengan lantang spanduk spanduk tersebut dibentangkan di jalan depan kantor dprd kota malang supotermelawan
2022-10-20 11:52:13+00:00,biyarchive,guis tugas banyak banget buat pengganti nilai uts tp lihatlah aku malah mikirin tujuan wisata kuliner di jogja plus menu yg
2022-10-20 11:51:12+00:00,_southview,sekakura 2hr sp tayang 19 oktober 2022 potongan khusus bagian indonesia aja part 1 membahas mengenai spot kuliner
2022-10-20 11:50:50+00:00,Setanimut4,rendang daging minangkabau guyss kenalin nih enat bet rasanya tuh kalian bakalan ketagihan ayo temukan kuliner indonesia lengkap dri ujung barat sampe ujung timur hehe cek disini yo daftar gaskeun pejuangrasanyaindonesia kenalirasanyaindonesia fjb2022
2022-10-20 11:50:14+00:00,ILY6000kg,sekakura 2hr sp tayang 19 oktober 2022 potongan khusus bagian indonesia aja part 1 membahas mengenai spot kuliner
2022-10-20 11:49:05+00:00,Nia7500,sate kambing makanan kuliner asli indonesia yang udah dijamin enak banget siapa sih yang gak kenal sama sate kambing gurih dan enak pasti dong yuk cari tau makanan asli indonesia pejuangrasanyaindonesia kenalirasanyaindonesia fjb2022
2022-10-20 11:48:37+00:00,ilham_putranto,aplikasi runchise resmi dirilis siap bikin bisnis kuliner kamu jadi gacor
